2 0.937682 0.660135 0.207804 0 0.361476 0.272882 0.903251 0.505448 0.730356 0.572679 
2 0.825841 0.560689 0.695195 0.636197 0.678317 0.659608 0.591137 0.429434 0.463627 0.319936 
2 0.505782 0.837084 0.255292 0.496107 0.612065 0.20631 0.494862 0.657047 0.421586 0.855405 
2 0.562302 0.406481 0.778235 0.491889 0.403851 0.719896 0.897356 0.610737 0.860043 0.810744 
2 0.363059 0.636054 0.370779 0.417513 0.235025 0.738355 0.283004 0.319918 0.311952 0.62406 
2 0.449893 0.550474 0.525825 0.0896245 0.40352 0.638054 0.945777 1 0.355294 0.42876 
2 0.385411 0.580369 0.373497 0.597903 0.862468 0.270304 1 0.496782 0.46665 0.666703 
2 0.40452 0.561488 0.328927 0.36039 0.00265617 0.249202 0.336841 0.42951 0.534705 0.317804 
2 0.546027 0.458553 0.529809 0.442306 0.103216 0.25195 0.808804 0.243371 0.294204 0.295657 
1 0.666607 0.0786119 0.513172 0.60613 0.4338 0.482846 0.469464 0.733352 0.231307 0.479524 
2 0.752685 0.939258 0.266366 0.126698 0.77734 0.803366 0.682042 0.364451 0.591552 0.575135 
2 0.701482 0.61748 0.0456752 0.310463 0.287472 0.357892 0.29486 0.162852 0.463123 0.577576 
1 0.517649 0.667865 0.467187 0.536334 0.581022 0.529873 0.495983 0.327684 0.530984 0.544022 
2 0.485563 0.746979 0.36219 0.66077 0.272889 0.260843 0.578799 0.382895 0.622894 0.730727 
2 0.388326 0.634966 0.692529 0.465483 0.373605 0.467219 0.130046 0.845546 0.176273 0.991056 
1 0.529473 0.455076 0.517987 0.667044 0.505412 0.612389 0.8089 0.671706 0.568532 0.80856 
2 0.173089 0.569909 0.759182 0.429567 0.266892 0.381387 0.551842 0.445756 0.719425 0.812535 
2 0.924155 0.706733 0.816298 0.58815 0.440075 0.255531 0.287577 0.361834 0.477643 0.759858 
2 0.310084 0.782107 0.235055 0.353136 0.246444 0.453734 0.724321 0.277082 0.518271 0.556808 
2 0.477115 0.842578 0.753169 0.268513 0.4274 0.373356 0.547333 0.337686 0.669281 0.333933 
1 0.403372 0.6719 0.479318 0.868103 0.440704 0.492333 0.274945 0.501029 0.689441 0.444788 
2 0.516414 0.596762 0.483408 0.620653 0.230648 0.239329 0.202567 0.428926 0.415195 0.641923 
1 0.489192 0.462565 0.377056 0.480894 0.538089 0.426678 0.693045 0.499361 0.658351 0.288288 
2 0.372271 0.49801 0.478621 0.552655 0.368064 0.798955 0.605292 0.454371 0.671921 0.917315 
2 0.557606 0.50194 0.618638 0.650998 0.365008 0.362474 0.40734 0.388572 0.561214 0.482238 
1 0.356762 0.543898 0.419388 0.45557 0.524269 0.681574 0.637744 0.19068 0.37662 0.432078 
2 0.429908 0.643953 0.30934 0.453839 0.438746 0.587691 0.84567 0.603383 0.846128 0.255984 
1 0.333603 0.7347 0.36512 0.670688 0.431018 0.502125 0.434391 0.184231 0.465518 0.653624 
2 0.418717 0.915792 0.376851 0.626143 0.83018 0.684152 0.678695 0.576494 0.63141 0.747722 
2 0.234566 0 0.909117 0.54455 0.0970312 0.180631 0.738894 0.498595 0.538264 0.892935 
1 0.697318 0.782013 0.427417 0.9769 0.425373 0.334988 0.430125 0.301746 0.703399 0.595466 
2 0.702484 0.612439 0.662923 0.714814 0.740284 0.335724 0.622963 0.445124 0.479207 0.615559 
2 0.4207 0.263785 0.543341 0.519354 0.123534 0.169857 0.44723 0.375361 0.711798 0.181654 
2 0.317929 0.887824 0.60374 0.722611 0.408325 0.292421 0 0.511539 0.402479 0.614857 
1 0.543821 0.334533 0.592756 0.633577 0.426806 0.61061 0.68138 0.223859 0.666672 0.482681 
2 0.466488 0.645557 0.215004 0.660344 0.567774 0.682071 0.492658 0.120174 0.583537 0.599289 
2 0.960915 0.633623 0.51555 0.181359 0.385936 0 0.708137 0.392265 0.454102 0.812025 
2 0.522568 0.524932 0.582698 0.0389465 0.67677 0.278948 0.524933 0.749947 0.569116 0.378292 
2 0.552588 0.60961 0.709103 0.685714 0.324489 0.273733 0.502653 0.219475 0.763178 0.224378 
2 0.699446 0.976812 0.80003 0.533364 0.471659 0.662018 0.685069 0.199409 0.678144 0.240336 
2 0.508822 0.762334 0.37357 0.820313 0.10192 0.364453 0.751225 0.103458 0.215096 0.612969 
2 0.207216 0.879395 0.80607 0.115428 0.561615 0.516694 0.683874 0.420294 0.617846 0.357813 
2 0.188608 0.679488 0.539409 0.063326 0.156974 0.520712 0.816672 0.464583 0.618193 0.971506 
2 0.480138 0.607998 0.6344 0.682424 0.323556 0.623016 0.818134 0 0.671473 0.670152 
2 0.27641 0.674077 0.320975 0.298305 0.820826 0.598627 0.377122 0.518849 0.102731 0.52715 
2 0.771281 0.559892 0.40906 0.471247 0.248503 0.363816 0.877598 0.428389 0.22947 0.466925 
1 0.352925 0.683054 0.633677 0.425343 0.491117 0.578877 0.435594 0.692647 0 0.711306 
2 0.211345 0.689384 0.377974 0.387145 0.110524 0.53492 0.42028 0.861626 0.320695 0.222971 
1 0.594541 0.885538 0.465059 0.330643 0.471114 0.0610298 0.69341 0.457013 0.0983199 0.906219 
2 0.246626 0.466681 0.342068 0.485861 0.736689 0.643137 0.619303 0.590393 0.166422 0.476098 
2 0.490472 0.545517 0.573854 0.491404 0.182204 0.448578 0.842366 0.692324 1 0.812485 
1 0.291477 0.683443 0.56762 0.293396 0.461739 0.372068 0.601187 0.491948 0.243132 0.676485 
1 0.451904 0.725891 0.626798 0.761663 0.438126 0.553758 0.447461 0.450921 0.389528 0.530769 
1 0.679992 0.642992 0.496852 0.497206 0.488767 0.237235 0.60669 0.319088 0.482774 0.358602 
2 0.644759 0.547591 0.416158 0.620923 0.268531 0.307549 0.106158 0.534224 0.715591 0.607092 
2 0.430737 0.697212 0.394355 0.89208 0.399505 0.386928 0.579463 0.571488 0.489038 0.611097 
2 0.63575 0.761712 0.57424 0.342156 0.641373 0.351449 0.807344 0.524427 0.260927 0.653579 
2 0.151524 0.738058 0.492831 0.385928 0.307655 0.457636 0.52785 0.525936 0.782016 0.107002 
2 0.601667 0.575988 0.353317 0.190382 0.535865 0.637673 0.89985 0.493183 0.55432 0.527558 
2 0.637531 0.297565 0.256867 0.589672 0.458653 0.507137 0.117231 0.353031 0.578105 0.378772 
2 0.351213 0.397611 0.478723 0.461009 0.3185 0.649196 0.850445 0.61743 0.414514 0.412357 
2 0.541059 0.410413 0.68509 0.913504 0.462937 0.649339 0.521113 0.228322 0.295828 0.578465 
2 0.738826 0.953781 0.453194 0.299833 0.23121 0.428197 0.27925 0.194802 0.732217 0.501821 
2 0.525598 0.655287 0.278605 0.431763 0.580798 0.406314 0.606993 0.388088 0.441929 0.784361 
2 0.547747 0.586328 0.351263 0.571741 0.299824 0.375585 0.59861 0.478896 0.327085 0.409367 
1 0.566173 0.593557 0.423638 0.836543 0.473295 0.548429 0.648376 0.318239 0.818524 0.608995 
1 0.150598 0.684177 0.642537 0.559411 0.453992 0.211519 0.799186 0.30833 0.365144 0.4721 
2 0.455681 0.821836 0.290525 0.704918 0.46517 0.256635 0.820395 0.468719 0.36236 0.663479 
2 0.574132 0.248529 0.232898 0.534905 0.295208 0.231028 0.63924 0.604189 0.494553 0.30002 
1 0.274687 0.834697 0.557155 0.281198 0.445565 0.501752 0.572687 0.615862 0.475853 0.645028 
2 0.526952 0.704098 0.338486 0.121782 0.704072 0.400776 0.630472 0.259228 0.616807 0.580885 
2 0.786048 0.202682 0.519154 0.138061 0.298663 0.532284 0.0937293 0.42391 0.537486 0.629842 
2 0.196855 0.624168 0.631382 0.691631 0.570428 0.548487 0.546459 0.371757 0.170626 0.374932 
2 0.524475 0.966449 0.753695 0.429024 0.548879 1 0.442142 0.740518 0.244546 0.330198 
2 0.73236 0.514613 0.517461 1 0 0.468498 0.742872 0.575019 0.297272 0.20683 
2 0.778787 0.53456 0.552145 0.837776 0.509814 0.272894 0.114415 0.67338 0.66616 0 
2 0.40971 1 0.584222 0.805928 0.3343 0.613248 0.543556 0.614657 0.636213 0.55945 
2 0.593535 0.308092 0.368021 0.836458 0.595264 0.587798 0.419858 0.20231 0.865563 0.491538 
1 0.304651 0.740535 0.621536 0.885466 0.45839 0.605578 0.540714 0.508277 0.52791 0.474825 
2 0.30515 0.558517 0.397215 0.183407 0.597623 0.571874 0.853565 0.628479 0.907397 0.316237 
2 0.410964 0.355555 0.147829 0.437592 0.314886 0.367037 0.743776 0.162802 0.624429 0.246891 
1 0.378796 0.397558 0.51049 0.27765 0.546677 0.422754 0.516402 0.25154 0.670418 0.417428 
2 0.0711915 0.638457 0.612964 0.463778 0.149748 0.632444 0.26387 0.528304 0.417999 0.566358 
2 0.961425 0.861378 1 0.577661 0.558638 0.394558 0.571375 0.0776385 0.527191 0.668747 
1 0.784885 0.640323 0.417605 0.724036 0.414395 0.440377 0.741996 0.553908 0.582848 0.564746 
1 0.386864 0.840697 0.598326 0.701012 0.482128 0.622325 0.328301 0.613748 0.629711 0.739193 
2 0.208768 0.534568 0.303315 0.563934 0.0706183 0.22369 0.679131 0.110239 0.425249 0.889562 
1 0.58239 0.516576 0.63156 0.308136 0.51878 0.644392 0.44701 0.417235 0.572841 0.523815 
1 0 0.697024 0.431147 0.883862 0.528783 0.159591 0.543964 0.630826 0.160978 0.358668 
2 0.463224 0.46441 0.771049 0.521392 0.34882 0.626256 0.497124 0.392375 0.48889 0.624329 
2 0.220967 0.228482 0.698733 0.506868 0.267861 0.577584 0.786392 0.316748 0.158376 0.239519 
2 0.541178 0.68534 0.257284 0.722892 0.577715 0.301105 0.550952 0.339056 0.534639 0.798784 
2 0.407954 0.789257 0 0.795273 0.175828 0.359684 0.824438 0.390815 0.288535 1 
2 0.19632 0.624036 0.240854 0.746685 0.677718 0.265457 0.484247 0.126196 0.177856 0.373974 
1 0.457544 0.565944 0.496311 0.680218 0.466248 0.567002 0.550625 0.507478 0.580674 0.627594 
2 1 0.585141 0.429725 0.509543 0.35881 0.759038 0.742349 0.514054 0.363883 0.326948 
2 0.165783 0.543365 0.485282 0.454327 1 0.732691 0.958469 0.422212 0.735116 0.400507 
1 0.775307 0.436409 0.342222 0.421684 0.434972 0.359623 0.650277 0.201868 0.245898 0.447867 
2 0.501958 0.9417 0.305099 0.677368 0.128527 0.320237 0.475048 0.5704 0.559797 0.570989 
2 0.652191 0.437544 0.681761 0.285456 0.466798 0.121039 0.498159 0.694378 0.479535 0.995214 
