 Welcome to JAKLE's Feature Selection Algorithm

Using a random evalation, with no features, I get an accuracy of 7.82637e-06
Number of features: 40
--------------------------
Greedy Backward Search:
--------------------------
Using features {39 38 37 36 35 34 33 32 31 30 29 28 27 26 25 24 23 22 21 20 19 18 17 16 15 14 13 12 11 10 9 8 7 6 5 4 3 2 1 0} accuracy is: 53.8%

Using features {0 1 2 3 4 5 6 7 8 9 10 11 12 13 14 15 16 17 18 19 20 21 22 23 24 25 26 27 28 29 30 31 32 33 34 35 36 37 38} accuracy is: 57.1%
Using features {0 1 2 3 4 5 6 7 8 9 10 11 12 13 14 15 16 17 18 19 20 21 22 23 24 25 26 27 28 29 30 31 32 33 34 35 36 37 39} accuracy is: 58.2%
Using features {0 1 2 3 4 5 6 7 8 9 10 11 12 13 14 15 16 17 18 19 20 21 22 23 24 25 26 27 28 29 30 31 32 33 34 35 36 38 39} accuracy is: 58.9%
Using features {0 1 2 3 4 5 6 7 8 9 10 11 12 13 14 15 16 17 18 19 20 21 22 23 24 25 26 27 28 29 30 31 32 33 34 35 37 38 39} accuracy is: 58.8%
Using features {0 1 2 3 4 5 6 7 8 9 10 11 12 13 14 15 16 17 18 19 20 21 22 23 24 25 26 27 28 29 30 31 32 33 34 36 37 38 39} accuracy is: 57.4%
Using features {0 1 2 3 4 5 6 7 8 9 10 11 12 13 14 15 16 17 18 19 20 21 22 23 24 25 26 27 28 29 30 31 32 33 35 36 37 38 39} accuracy is: 57.4%
Using features {0 1 2 3 4 5 6 7 8 9 10 11 12 13 14 15 16 17 18 19 20 21 22 23 24 25 26 27 28 29 30 31 32 34 35 36 37 38 39} accuracy is: 58.2%
Using features {0 1 2 3 4 5 6 7 8 9 10 11 12 13 14 15 16 17 18 19 20 21 22 23 24 25 26 27 28 29 30 31 33 34 35 36 37 38 39} accuracy is: 58%
Using features {0 1 2 3 4 5 6 7 8 9 10 11 12 13 14 15 16 17 18 19 20 21 22 23 24 25 26 27 28 29 30 32 33 34 35 36 37 38 39} accuracy is: 58.1%
Using features {0 1 2 3 4 5 6 7 8 9 10 11 12 13 14 15 16 17 18 19 20 21 22 23 24 25 26 27 28 29 31 32 33 34 35 36 37 38 39} accuracy is: 58.7%
Using features {0 1 2 3 4 5 6 7 8 9 10 11 12 13 14 15 16 17 18 19 20 21 22 23 24 25 26 27 28 30 31 32 33 34 35 36 37 38 39} accuracy is: 58.6%
Using features {0 1 2 3 4 5 6 7 8 9 10 11 12 13 14 15 16 17 18 19 20 21 22 23 24 25 26 27 29 30 31 32 33 34 35 36 37 38 39} accuracy is: 58%
Using features {0 1 2 3 4 5 6 7 8 9 10 11 12 13 14 15 16 17 18 19 20 21 22 23 24 25 26 28 29 30 31 32 33 34 35 36 37 38 39} accuracy is: 56.9%
Using features {0 1 2 3 4 5 6 7 8 9 10 11 12 13 14 15 16 17 18 19 20 21 22 23 24 25 27 28 29 30 31 32 33 34 35 36 37 38 39} accuracy is: 59%
Using features {0 1 2 3 4 5 6 7 8 9 10 11 12 13 14 15 16 17 18 19 20 21 22 23 24 26 27 28 29 30 31 32 33 34 35 36 37 38 39} accuracy is: 56.5%
Using features {0 1 2 3 4 5 6 7 8 9 10 11 12 13 14 15 16 17 18 19 20 21 22 23 25 26 27 28 29 30 31 32 33 34 35 36 37 38 39} accuracy is: 58%
Using features {0 1 2 3 4 5 6 7 8 9 10 11 12 13 14 15 16 17 18 19 20 21 22 24 25 26 27 28 29 30 31 32 33 34 35 36 37 38 39} accuracy is: 56.8%
Using features {0 1 2 3 4 5 6 7 8 9 10 11 12 13 14 15 16 17 18 19 20 21 23 24 25 26 27 28 29 30 31 32 33 34 35 36 37 38 39} accuracy is: 60.2%
Using features {0 1 2 3 4 5 6 7 8 9 10 11 12 13 14 15 16 17 18 19 20 22 23 24 25 26 27 28 29 30 31 32 33 34 35 36 37 38 39} accuracy is: 59%
Using features {0 1 2 3 4 5 6 7 8 9 10 11 12 13 14 15 16 17 18 19 21 22 23 24 25 26 27 28 29 30 31 32 33 34 35 36 37 38 39} accuracy is: 57.3%
Using features {0 1 2 3 4 5 6 7 8 9 10 11 12 13 14 15 16 17 18 20 21 22 23 24 25 26 27 28 29 30 31 32 33 34 35 36 37 38 39} accuracy is: 57.2%
Using features {0 1 2 3 4 5 6 7 8 9 10 11 12 13 14 15 16 17 19 20 21 22 23 24 25 26 27 28 29 30 31 32 33 34 35 36 37 38 39} accuracy is: 58.8%
Using features {0 1 2 3 4 5 6 7 8 9 10 11 12 13 14 15 16 18 19 20 21 22 23 24 25 26 27 28 29 30 31 32 33 34 35 36 37 38 39} accuracy is: 56.9%
Using features {0 1 2 3 4 5 6 7 8 9 10 11 12 13 14 15 17 18 19 20 21 22 23 24 25 26 27 28 29 30 31 32 33 34 35 36 37 38 39} accuracy is: 57.4%
Using features {0 1 2 3 4 5 6 7 8 9 10 11 12 13 14 16 17 18 19 20 21 22 23 24 25 26 27 28 29 30 31 32 33 34 35 36 37 38 39} accuracy is: 58.8%
Using features {0 1 2 3 4 5 6 7 8 9 10 11 12 13 15 16 17 18 19 20 21 22 23 24 25 26 27 28 29 30 31 32 33 34 35 36 37 38 39} accuracy is: 58.1%
Using features {0 1 2 3 4 5 6 7 8 9 10 11 12 14 15 16 17 18 19 20 21 22 23 24 25 26 27 28 29 30 31 32 33 34 35 36 37 38 39} accuracy is: 58.1%
Using features {0 1 2 3 4 5 6 7 8 9 10 11 13 14 15 16 17 18 19 20 21 22 23 24 25 26 27 28 29 30 31 32 33 34 35 36 37 38 39} accuracy is: 57.9%
Using features {0 1 2 3 4 5 6 7 8 9 10 12 13 14 15 16 17 18 19 20 21 22 23 24 25 26 27 28 29 30 31 32 33 34 35 36 37 38 39} accuracy is: 59%
Using features {0 1 2 3 4 5 6 7 8 9 11 12 13 14 15 16 17 18 19 20 21 22 23 24 25 26 27 28 29 30 31 32 33 34 35 36 37 38 39} accuracy is: 57.6%
Using features {0 1 2 3 4 5 6 7 8 10 11 12 13 14 15 16 17 18 19 20 21 22 23 24 25 26 27 28 29 30 31 32 33 34 35 36 37 38 39} accuracy is: 58%
Using features {0 1 2 3 4 5 6 7 9 10 11 12 13 14 15 16 17 18 19 20 21 22 23 24 25 26 27 28 29 30 31 32 33 34 35 36 37 38 39} accuracy is: 58%
Using features {0 1 2 3 4 5 6 8 9 10 11 12 13 14 15 16 17 18 19 20 21 22 23 24 25 26 27 28 29 30 31 32 33 34 35 36 37 38 39} accuracy is: 57.5%
Using features {0 1 2 3 4 5 7 8 9 10 11 12 13 14 15 16 17 18 19 20 21 22 23 24 25 26 27 28 29 30 31 32 33 34 35 36 37 38 39} accuracy is: 56%
Using features {0 1 2 3 4 6 7 8 9 10 11 12 13 14 15 16 17 18 19 20 21 22 23 24 25 26 27 28 29 30 31 32 33 34 35 36 37 38 39} accuracy is: 59.3%
Using features {0 1 2 3 5 6 7 8 9 10 11 12 13 14 15 16 17 18 19 20 21 22 23 24 25 26 27 28 29 30 31 32 33 34 35 36 37 38 39} accuracy is: 58.3%
Using features {0 1 2 4 5 6 7 8 9 10 11 12 13 14 15 16 17 18 19 20 21 22 23 24 25 26 27 28 29 30 31 32 33 34 35 36 37 38 39} accuracy is: 60.5%
Using features {0 1 3 4 5 6 7 8 9 10 11 12 13 14 15 16 17 18 19 20 21 22 23 24 25 26 27 28 29 30 31 32 33 34 35 36 37 38 39} accuracy is: 56.8%
Using features {0 2 3 4 5 6 7 8 9 10 11 12 13 14 15 16 17 18 19 20 21 22 23 24 25 26 27 28 29 30 31 32 33 34 35 36 37 38 39} accuracy is: 56.2%
Using features {1 2 3 4 5 6 7 8 9 10 11 12 13 14 15 16 17 18 19 20 21 22 23 24 25 26 27 28 29 30 31 32 33 34 35 36 37 38 39} accuracy is: 57.5%

Best subset this round: Using features {39 38 37 36 35 34 33 32 31 30 29 28 27 26 25 24 23 22 21 20 19 18 17 16 15 14 13 12 11 10 9 8 7 6 5 4 2 1 0} accuracy is: 60.5%

Using features {0 1 2 4 5 6 7 8 9 10 11 12 13 14 15 16 17 18 19 20 21 22 23 24 25 26 27 28 29 30 31 32 33 34 35 36 37 38} accuracy is: 62.7%
Using features {0 1 2 4 5 6 7 8 9 10 11 12 13 14 15 16 17 18 19 20 21 22 23 24 25 26 27 28 29 30 31 32 33 34 35 36 37 39} accuracy is: 63.6%
Using features {0 1 2 4 5 6 7 8 9 10 11 12 13 14 15 16 17 18 19 20 21 22 23 24 25 26 27 28 29 30 31 32 33 34 35 36 38 39} accuracy is: 63.8%
Using features {0 1 2 4 5 6 7 8 9 10 11 12 13 14 15 16 17 18 19 20 21 22 23 24 25 26 27 28 29 30 31 32 33 34 35 37 38 39} accuracy is: 62.4%
Using features {0 1 2 4 5 6 7 8 9 10 11 12 13 14 15 16 17 18 19 20 21 22 23 24 25 26 27 28 29 30 31 32 33 34 36 37 38 39} accuracy is: 60.7%
Using features {0 1 2 4 5 6 7 8 9 10 11 12 13 14 15 16 17 18 19 20 21 22 23 24 25 26 27 28 29 30 31 32 33 35 36 37 38 39} accuracy is: 61.6%
Using features {0 1 2 4 5 6 7 8 9 10 11 12 13 14 15 16 17 18 19 20 21 22 23 24 25 26 27 28 29 30 31 32 34 35 36 37 38 39} accuracy is: 61.5%
Using features {0 1 2 4 5 6 7 8 9 10 11 12 13 14 15 16 17 18 19 20 21 22 23 24 25 26 27 28 29 30 31 33 34 35 36 37 38 39} accuracy is: 62.9%
Using features {0 1 2 4 5 6 7 8 9 10 11 12 13 14 15 16 17 18 19 20 21 22 23 24 25 26 27 28 29 30 32 33 34 35 36 37 38 39} accuracy is: 62.8%
Using features {0 1 2 4 5 6 7 8 9 10 11 12 13 14 15 16 17 18 19 20 21 22 23 24 25 26 27 28 29 31 32 33 34 35 36 37 38 39} accuracy is: 62.6%
Using features {0 1 2 4 5 6 7 8 9 10 11 12 13 14 15 16 17 18 19 20 21 22 23 24 25 26 27 28 30 31 32 33 34 35 36 37 38 39} accuracy is: 62.1%
Using features {0 1 2 4 5 6 7 8 9 10 11 12 13 14 15 16 17 18 19 20 21 22 23 24 25 26 27 29 30 31 32 33 34 35 36 37 38 39} accuracy is: 63.4%
Using features {0 1 2 4 5 6 7 8 9 10 11 12 13 14 15 16 17 18 19 20 21 22 23 24 25 26 28 29 30 31 32 33 34 35 36 37 38 39} accuracy is: 61.9%
Using features {0 1 2 4 5 6 7 8 9 10 11 12 13 14 15 16 17 18 19 20 21 22 23 24 25 27 28 29 30 31 32 33 34 35 36 37 38 39} accuracy is: 62.4%
Using features {0 1 2 4 5 6 7 8 9 10 11 12 13 14 15 16 17 18 19 20 21 22 23 24 26 27 28 29 30 31 32 33 34 35 36 37 38 39} accuracy is: 61.1%
Using features {0 1 2 4 5 6 7 8 9 10 11 12 13 14 15 16 17 18 19 20 21 22 23 25 26 27 28 29 30 31 32 33 34 35 36 37 38 39} accuracy is: 62.8%
Using features {0 1 2 4 5 6 7 8 9 10 11 12 13 14 15 16 17 18 19 20 21 22 24 25 26 27 28 29 30 31 32 33 34 35 36 37 38 39} accuracy is: 61.9%
Using features {0 1 2 4 5 6 7 8 9 10 11 12 13 14 15 16 17 18 19 20 21 23 24 25 26 27 28 29 30 31 32 33 34 35 36 37 38 39} accuracy is: 63.3%
Using features {0 1 2 4 5 6 7 8 9 10 11 12 13 14 15 16 17 18 19 20 22 23 24 25 26 27 28 29 30 31 32 33 34 35 36 37 38 39} accuracy is: 63.9%
Using features {0 1 2 4 5 6 7 8 9 10 11 12 13 14 15 16 17 18 19 21 22 23 24 25 26 27 28 29 30 31 32 33 34 35 36 37 38 39} accuracy is: 62.7%
Using features {0 1 2 4 5 6 7 8 9 10 11 12 13 14 15 16 17 18 20 21 22 23 24 25 26 27 28 29 30 31 32 33 34 35 36 37 38 39} accuracy is: 62.1%
Using features {0 1 2 4 5 6 7 8 9 10 11 12 13 14 15 16 17 19 20 21 22 23 24 25 26 27 28 29 30 31 32 33 34 35 36 37 38 39} accuracy is: 61.8%
Using features {0 1 2 4 5 6 7 8 9 10 11 12 13 14 15 16 18 19 20 21 22 23 24 25 26 27 28 29 30 31 32 33 34 35 36 37 38 39} accuracy is: 61.6%
Using features {0 1 2 4 5 6 7 8 9 10 11 12 13 14 15 17 18 19 20 21 22 23 24 25 26 27 28 29 30 31 32 33 34 35 36 37 38 39} accuracy is: 62.2%
Using features {0 1 2 4 5 6 7 8 9 10 11 12 13 14 16 17 18 19 20 21 22 23 24 25 26 27 28 29 30 31 32 33 34 35 36 37 38 39} accuracy is: 63.7%
Using features {0 1 2 4 5 6 7 8 9 10 11 12 13 15 16 17 18 19 20 21 22 23 24 25 26 27 28 29 30 31 32 33 34 35 36 37 38 39} accuracy is: 63.7%
Using features {0 1 2 4 5 6 7 8 9 10 11 12 14 15 16 17 18 19 20 21 22 23 24 25 26 27 28 29 30 31 32 33 34 35 36 37 38 39} accuracy is: 63.1%
Using features {0 1 2 4 5 6 7 8 9 10 11 13 14 15 16 17 18 19 20 21 22 23 24 25 26 27 28 29 30 31 32 33 34 35 36 37 38 39} accuracy is: 62.5%
Using features {0 1 2 4 5 6 7 8 9 10 12 13 14 15 16 17 18 19 20 21 22 23 24 25 26 27 28 29 30 31 32 33 34 35 36 37 38 39} accuracy is: 62.8%
Using features {0 1 2 4 5 6 7 8 9 11 12 13 14 15 16 17 18 19 20 21 22 23 24 25 26 27 28 29 30 31 32 33 34 35 36 37 38 39} accuracy is: 62.6%
Using features {0 1 2 4 5 6 7 8 10 11 12 13 14 15 16 17 18 19 20 21 22 23 24 25 26 27 28 29 30 31 32 33 34 35 36 37 38 39} accuracy is: 61.5%
Using features {0 1 2 4 5 6 7 9 10 11 12 13 14 15 16 17 18 19 20 21 22 23 24 25 26 27 28 29 30 31 32 33 34 35 36 37 38 39} accuracy is: 63.6%
Using features {0 1 2 4 5 6 8 9 10 11 12 13 14 15 16 17 18 19 20 21 22 23 24 25 26 27 28 29 30 31 32 33 34 35 36 37 38 39} accuracy is: 62%
Using features {0 1 2 4 5 7 8 9 10 11 12 13 14 15 16 17 18 19 20 21 22 23 24 25 26 27 28 29 30 31 32 33 34 35 36 37 38 39} accuracy is: 62.5%
Using features {0 1 2 4 6 7 8 9 10 11 12 13 14 15 16 17 18 19 20 21 22 23 24 25 26 27 28 29 30 31 32 33 34 35 36 37 38 39} accuracy is: 63%
Using features {0 1 2 5 6 7 8 9 10 11 12 13 14 15 16 17 18 19 20 21 22 23 24 25 26 27 28 29 30 31 32 33 34 35 36 37 38 39} accuracy is: 62.8%
Using features {0 1 4 5 6 7 8 9 10 11 12 13 14 15 16 17 18 19 20 21 22 23 24 25 26 27 28 29 30 31 32 33 34 35 36 37 38 39} accuracy is: 61.4%
Using features {0 2 4 5 6 7 8 9 10 11 12 13 14 15 16 17 18 19 20 21 22 23 24 25 26 27 28 29 30 31 32 33 34 35 36 37 38 39} accuracy is: 61.5%
Using features {1 2 4 5 6 7 8 9 10 11 12 13 14 15 16 17 18 19 20 21 22 23 24 25 26 27 28 29 30 31 32 33 34 35 36 37 38 39} accuracy is: 61.8%

Best subset this round: Using features {39 38 37 36 35 34 33 32 31 30 29 28 27 26 25 24 23 22 20 19 18 17 16 15 14 13 12 11 10 9 8 7 6 5 4 2 1 0} accuracy is: 63.9%

Using features {0 1 2 4 5 6 7 8 9 10 11 12 13 14 15 16 17 18 19 20 22 23 24 25 26 27 28 29 30 31 32 33 34 35 36 37 38} accuracy is: 66.4%
Using features {0 1 2 4 5 6 7 8 9 10 11 12 13 14 15 16 17 18 19 20 22 23 24 25 26 27 28 29 30 31 32 33 34 35 36 37 39} accuracy is: 65.7%
Using features {0 1 2 4 5 6 7 8 9 10 11 12 13 14 15 16 17 18 19 20 22 23 24 25 26 27 28 29 30 31 32 33 34 35 36 38 39} accuracy is: 66.8%
Using features {0 1 2 4 5 6 7 8 9 10 11 12 13 14 15 16 17 18 19 20 22 23 24 25 26 27 28 29 30 31 32 33 34 35 37 38 39} accuracy is: 65.5%
Using features {0 1 2 4 5 6 7 8 9 10 11 12 13 14 15 16 17 18 19 20 22 23 24 25 26 27 28 29 30 31 32 33 34 36 37 38 39} accuracy is: 63.4%
Using features {0 1 2 4 5 6 7 8 9 10 11 12 13 14 15 16 17 18 19 20 22 23 24 25 26 27 28 29 30 31 32 33 35 36 37 38 39} accuracy is: 64.7%
Using features {0 1 2 4 5 6 7 8 9 10 11 12 13 14 15 16 17 18 19 20 22 23 24 25 26 27 28 29 30 31 32 34 35 36 37 38 39} accuracy is: 64.5%
Using features {0 1 2 4 5 6 7 8 9 10 11 12 13 14 15 16 17 18 19 20 22 23 24 25 26 27 28 29 30 31 33 34 35 36 37 38 39} accuracy is: 64.8%
Using features {0 1 2 4 5 6 7 8 9 10 11 12 13 14 15 16 17 18 19 20 22 23 24 25 26 27 28 29 30 32 33 34 35 36 37 38 39} accuracy is: 65.1%
Using features {0 1 2 4 5 6 7 8 9 10 11 12 13 14 15 16 17 18 19 20 22 23 24 25 26 27 28 29 31 32 33 34 35 36 37 38 39} accuracy is: 65.9%
Using features {0 1 2 4 5 6 7 8 9 10 11 12 13 14 15 16 17 18 19 20 22 23 24 25 26 27 28 30 31 32 33 34 35 36 37 38 39} accuracy is: 65.9%
Using features {0 1 2 4 5 6 7 8 9 10 11 12 13 14 15 16 17 18 19 20 22 23 24 25 26 27 29 30 31 32 33 34 35 36 37 38 39} accuracy is: 66.7%
Using features {0 1 2 4 5 6 7 8 9 10 11 12 13 14 15 16 17 18 19 20 22 23 24 25 26 28 29 30 31 32 33 34 35 36 37 38 39} accuracy is: 64.8%
Using features {0 1 2 4 5 6 7 8 9 10 11 12 13 14 15 16 17 18 19 20 22 23 24 25 27 28 29 30 31 32 33 34 35 36 37 38 39} accuracy is: 65%
Using features {0 1 2 4 5 6 7 8 9 10 11 12 13 14 15 16 17 18 19 20 22 23 24 26 27 28 29 30 31 32 33 34 35 36 37 38 39} accuracy is: 64.7%
Using features {0 1 2 4 5 6 7 8 9 10 11 12 13 14 15 16 17 18 19 20 22 23 25 26 27 28 29 30 31 32 33 34 35 36 37 38 39} accuracy is: 64.8%
Using features {0 1 2 4 5 6 7 8 9 10 11 12 13 14 15 16 17 18 19 20 22 24 25 26 27 28 29 30 31 32 33 34 35 36 37 38 39} accuracy is: 63.5%
Using features {0 1 2 4 5 6 7 8 9 10 11 12 13 14 15 16 17 18 19 20 23 24 25 26 27 28 29 30 31 32 33 34 35 36 37 38 39} accuracy is: 65.6%
Using features {0 1 2 4 5 6 7 8 9 10 11 12 13 14 15 16 17 18 19 22 23 24 25 26 27 28 29 30 31 32 33 34 35 36 37 38 39} accuracy is: 66.1%
Using features {0 1 2 4 5 6 7 8 9 10 11 12 13 14 15 16 17 18 20 22 23 24 25 26 27 28 29 30 31 32 33 34 35 36 37 38 39} accuracy is: 66%
Using features {0 1 2 4 5 6 7 8 9 10 11 12 13 14 15 16 17 19 20 22 23 24 25 26 27 28 29 30 31 32 33 34 35 36 37 38 39} accuracy is: 63.7%
Using features {0 1 2 4 5 6 7 8 9 10 11 12 13 14 15 16 18 19 20 22 23 24 25 26 27 28 29 30 31 32 33 34 35 36 37 38 39} accuracy is: 64.7%
Using features {0 1 2 4 5 6 7 8 9 10 11 12 13 14 15 17 18 19 20 22 23 24 25 26 27 28 29 30 31 32 33 34 35 36 37 38 39} accuracy is: 64.7%
Using features {0 1 2 4 5 6 7 8 9 10 11 12 13 14 16 17 18 19 20 22 23 24 25 26 27 28 29 30 31 32 33 34 35 36 37 38 39} accuracy is: 64.6%
Using features {0 1 2 4 5 6 7 8 9 10 11 12 13 15 16 17 18 19 20 22 23 24 25 26 27 28 29 30 31 32 33 34 35 36 37 38 39} accuracy is: 65.7%
Using features {0 1 2 4 5 6 7 8 9 10 11 12 14 15 16 17 18 19 20 22 23 24 25 26 27 28 29 30 31 32 33 34 35 36 37 38 39} accuracy is: 65.5%
Using features {0 1 2 4 5 6 7 8 9 10 11 13 14 15 16 17 18 19 20 22 23 24 25 26 27 28 29 30 31 32 33 34 35 36 37 38 39} accuracy is: 66.1%
Using features {0 1 2 4 5 6 7 8 9 10 12 13 14 15 16 17 18 19 20 22 23 24 25 26 27 28 29 30 31 32 33 34 35 36 37 38 39} accuracy is: 65.3%
Using features {0 1 2 4 5 6 7 8 9 11 12 13 14 15 16 17 18 19 20 22 23 24 25 26 27 28 29 30 31 32 33 34 35 36 37 38 39} accuracy is: 65.3%
Using features {0 1 2 4 5 6 7 8 10 11 12 13 14 15 16 17 18 19 20 22 23 24 25 26 27 28 29 30 31 32 33 34 35 36 37 38 39} accuracy is: 65.1%
Using features {0 1 2 4 5 6 7 9 10 11 12 13 14 15 16 17 18 19 20 22 23 24 25 26 27 28 29 30 31 32 33 34 35 36 37 38 39} accuracy is: 65%
Using features {0 1 2 4 5 6 8 9 10 11 12 13 14 15 16 17 18 19 20 22 23 24 25 26 27 28 29 30 31 32 33 34 35 36 37 38 39} accuracy is: 65.6%
Using features {0 1 2 4 5 7 8 9 10 11 12 13 14 15 16 17 18 19 20 22 23 24 25 26 27 28 29 30 31 32 33 34 35 36 37 38 39} accuracy is: 65.2%
Using features {0 1 2 4 6 7 8 9 10 11 12 13 14 15 16 17 18 19 20 22 23 24 25 26 27 28 29 30 31 32 33 34 35 36 37 38 39} accuracy is: 64.9%
Using features {0 1 2 5 6 7 8 9 10 11 12 13 14 15 16 17 18 19 20 22 23 24 25 26 27 28 29 30 31 32 33 34 35 36 37 38 39} accuracy is: 65.5%
Using features {0 1 4 5 6 7 8 9 10 11 12 13 14 15 16 17 18 19 20 22 23 24 25 26 27 28 29 30 31 32 33 34 35 36 37 38 39} accuracy is: 64.2%
Using features {0 2 4 5 6 7 8 9 10 11 12 13 14 15 16 17 18 19 20 22 23 24 25 26 27 28 29 30 31 32 33 34 35 36 37 38 39} accuracy is: 63.5%
Using features {1 2 4 5 6 7 8 9 10 11 12 13 14 15 16 17 18 19 20 22 23 24 25 26 27 28 29 30 31 32 33 34 35 36 37 38 39} accuracy is: 65.8%

Best subset this round: Using features {39 38 36 35 34 33 32 31 30 29 28 27 26 25 24 23 22 20 19 18 17 16 15 14 13 12 11 10 9 8 7 6 5 4 2 1 0} accuracy is: 66.8%

Using features {0 1 2 4 5 6 7 8 9 10 11 12 13 14 15 16 17 18 19 20 22 23 24 25 26 27 28 29 30 31 32 33 34 35 36 38} accuracy is: 68%
Using features {0 1 2 4 5 6 7 8 9 10 11 12 13 14 15 16 17 18 19 20 22 23 24 25 26 27 28 29 30 31 32 33 34 35 36 39} accuracy is: 67.6%
Using features {0 1 2 4 5 6 7 8 9 10 11 12 13 14 15 16 17 18 19 20 22 23 24 25 26 27 28 29 30 31 32 33 34 35 38 39} accuracy is: 67.9%
Using features {0 1 2 4 5 6 7 8 9 10 11 12 13 14 15 16 17 18 19 20 22 23 24 25 26 27 28 29 30 31 32 33 34 36 38 39} accuracy is: 66.7%
Using features {0 1 2 4 5 6 7 8 9 10 11 12 13 14 15 16 17 18 19 20 22 23 24 25 26 27 28 29 30 31 32 33 35 36 38 39} accuracy is: 67.8%
Using features {0 1 2 4 5 6 7 8 9 10 11 12 13 14 15 16 17 18 19 20 22 23 24 25 26 27 28 29 30 31 32 34 35 36 38 39} accuracy is: 68.3%
Using features {0 1 2 4 5 6 7 8 9 10 11 12 13 14 15 16 17 18 19 20 22 23 24 25 26 27 28 29 30 31 33 34 35 36 38 39} accuracy is: 69.8%
Using features {0 1 2 4 5 6 7 8 9 10 11 12 13 14 15 16 17 18 19 20 22 23 24 25 26 27 28 29 30 32 33 34 35 36 38 39} accuracy is: 68.2%
Using features {0 1 2 4 5 6 7 8 9 10 11 12 13 14 15 16 17 18 19 20 22 23 24 25 26 27 28 29 31 32 33 34 35 36 38 39} accuracy is: 67.9%
Using features {0 1 2 4 5 6 7 8 9 10 11 12 13 14 15 16 17 18 19 20 22 23 24 25 26 27 28 30 31 32 33 34 35 36 38 39} accuracy is: 66.9%
Using features {0 1 2 4 5 6 7 8 9 10 11 12 13 14 15 16 17 18 19 20 22 23 24 25 26 27 29 30 31 32 33 34 35 36 38 39} accuracy is: 69.1%
Using features {0 1 2 4 5 6 7 8 9 10 11 12 13 14 15 16 17 18 19 20 22 23 24 25 26 28 29 30 31 32 33 34 35 36 38 39} accuracy is: 67.7%
Using features {0 1 2 4 5 6 7 8 9 10 11 12 13 14 15 16 17 18 19 20 22 23 24 25 27 28 29 30 31 32 33 34 35 36 38 39} accuracy is: 67.2%
Using features {0 1 2 4 5 6 7 8 9 10 11 12 13 14 15 16 17 18 19 20 22 23 24 26 27 28 29 30 31 32 33 34 35 36 38 39} accuracy is: 67.5%
Using features {0 1 2 4 5 6 7 8 9 10 11 12 13 14 15 16 17 18 19 20 22 23 25 26 27 28 29 30 31 32 33 34 35 36 38 39} accuracy is: 67.9%
Using features {0 1 2 4 5 6 7 8 9 10 11 12 13 14 15 16 17 18 19 20 22 24 25 26 27 28 29 30 31 32 33 34 35 36 38 39} accuracy is: 67.2%
Using features {0 1 2 4 5 6 7 8 9 10 11 12 13 14 15 16 17 18 19 20 23 24 25 26 27 28 29 30 31 32 33 34 35 36 38 39} accuracy is: 68%
Using features {0 1 2 4 5 6 7 8 9 10 11 12 13 14 15 16 17 18 19 22 23 24 25 26 27 28 29 30 31 32 33 34 35 36 38 39} accuracy is: 67.4%
Using features {0 1 2 4 5 6 7 8 9 10 11 12 13 14 15 16 17 18 20 22 23 24 25 26 27 28 29 30 31 32 33 34 35 36 38 39} accuracy is: 67.6%
Using features {0 1 2 4 5 6 7 8 9 10 11 12 13 14 15 16 17 19 20 22 23 24 25 26 27 28 29 30 31 32 33 34 35 36 38 39} accuracy is: 65.8%
Using features {0 1 2 4 5 6 7 8 9 10 11 12 13 14 15 16 18 19 20 22 23 24 25 26 27 28 29 30 31 32 33 34 35 36 38 39} accuracy is: 66.6%
Using features {0 1 2 4 5 6 7 8 9 10 11 12 13 14 15 17 18 19 20 22 23 24 25 26 27 28 29 30 31 32 33 34 35 36 38 39} accuracy is: 66.6%
Using features {0 1 2 4 5 6 7 8 9 10 11 12 13 14 16 17 18 19 20 22 23 24 25 26 27 28 29 30 31 32 33 34 35 36 38 39} accuracy is: 65.6%
Using features {0 1 2 4 5 6 7 8 9 10 11 12 13 15 16 17 18 19 20 22 23 24 25 26 27 28 29 30 31 32 33 34 35 36 38 39} accuracy is: 68.3%
Using features {0 1 2 4 5 6 7 8 9 10 11 12 14 15 16 17 18 19 20 22 23 24 25 26 27 28 29 30 31 32 33 34 35 36 38 39} accuracy is: 68.1%
Using features {0 1 2 4 5 6 7 8 9 10 11 13 14 15 16 17 18 19 20 22 23 24 25 26 27 28 29 30 31 32 33 34 35 36 38 39} accuracy is: 68%
Using features {0 1 2 4 5 6 7 8 9 10 12 13 14 15 16 17 18 19 20 22 23 24 25 26 27 28 29 30 31 32 33 34 35 36 38 39} accuracy is: 66.7%
Using features {0 1 2 4 5 6 7 8 9 11 12 13 14 15 16 17 18 19 20 22 23 24 25 26 27 28 29 30 31 32 33 34 35 36 38 39} accuracy is: 67.7%
Using features {0 1 2 4 5 6 7 8 10 11 12 13 14 15 16 17 18 19 20 22 23 24 25 26 27 28 29 30 31 32 33 34 35 36 38 39} accuracy is: 66.8%
Using features {0 1 2 4 5 6 7 9 10 11 12 13 14 15 16 17 18 19 20 22 23 24 25 26 27 28 29 30 31 32 33 34 35 36 38 39} accuracy is: 67.3%
Using features {0 1 2 4 5 6 8 9 10 11 12 13 14 15 16 17 18 19 20 22 23 24 25 26 27 28 29 30 31 32 33 34 35 36 38 39} accuracy is: 68.1%
Using features {0 1 2 4 5 7 8 9 10 11 12 13 14 15 16 17 18 19 20 22 23 24 25 26 27 28 29 30 31 32 33 34 35 36 38 39} accuracy is: 66.6%
Using features {0 1 2 4 6 7 8 9 10 11 12 13 14 15 16 17 18 19 20 22 23 24 25 26 27 28 29 30 31 32 33 34 35 36 38 39} accuracy is: 66.9%
Using features {0 1 2 5 6 7 8 9 10 11 12 13 14 15 16 17 18 19 20 22 23 24 25 26 27 28 29 30 31 32 33 34 35 36 38 39} accuracy is: 67.8%
Using features {0 1 4 5 6 7 8 9 10 11 12 13 14 15 16 17 18 19 20 22 23 24 25 26 27 28 29 30 31 32 33 34 35 36 38 39} accuracy is: 65.4%
Using features {0 2 4 5 6 7 8 9 10 11 12 13 14 15 16 17 18 19 20 22 23 24 25 26 27 28 29 30 31 32 33 34 35 36 38 39} accuracy is: 66.1%
Using features {1 2 4 5 6 7 8 9 10 11 12 13 14 15 16 17 18 19 20 22 23 24 25 26 27 28 29 30 31 32 33 34 35 36 38 39} accuracy is: 67.6%

Best subset this round: Using features {39 38 36 35 34 33 31 30 29 28 27 26 25 24 23 22 20 19 18 17 16 15 14 13 12 11 10 9 8 7 6 5 4 2 1 0} accuracy is: 69.8%

Using features {0 1 2 4 5 6 7 8 9 10 11 12 13 14 15 16 17 18 19 20 22 23 24 25 26 27 28 29 30 31 33 34 35 36 38} accuracy is: 70.3%
Using features {0 1 2 4 5 6 7 8 9 10 11 12 13 14 15 16 17 18 19 20 22 23 24 25 26 27 28 29 30 31 33 34 35 36 39} accuracy is: 69.2%
Using features {0 1 2 4 5 6 7 8 9 10 11 12 13 14 15 16 17 18 19 20 22 23 24 25 26 27 28 29 30 31 33 34 35 38 39} accuracy is: 70.4%
Using features {0 1 2 4 5 6 7 8 9 10 11 12 13 14 15 16 17 18 19 20 22 23 24 25 26 27 28 29 30 31 33 34 36 38 39} accuracy is: 68.8%
Using features {0 1 2 4 5 6 7 8 9 10 11 12 13 14 15 16 17 18 19 20 22 23 24 25 26 27 28 29 30 31 33 35 36 38 39} accuracy is: 68.8%
Using features {0 1 2 4 5 6 7 8 9 10 11 12 13 14 15 16 17 18 19 20 22 23 24 25 26 27 28 29 30 31 34 35 36 38 39} accuracy is: 70.5%
Using features {0 1 2 4 5 6 7 8 9 10 11 12 13 14 15 16 17 18 19 20 22 23 24 25 26 27 28 29 30 33 34 35 36 38 39} accuracy is: 70%
Using features {0 1 2 4 5 6 7 8 9 10 11 12 13 14 15 16 17 18 19 20 22 23 24 25 26 27 28 29 31 33 34 35 36 38 39} accuracy is: 70%
Using features {0 1 2 4 5 6 7 8 9 10 11 12 13 14 15 16 17 18 19 20 22 23 24 25 26 27 28 30 31 33 34 35 36 38 39} accuracy is: 68.5%
Using features {0 1 2 4 5 6 7 8 9 10 11 12 13 14 15 16 17 18 19 20 22 23 24 25 26 27 29 30 31 33 34 35 36 38 39} accuracy is: 71.1%
Using features {0 1 2 4 5 6 7 8 9 10 11 12 13 14 15 16 17 18 19 20 22 23 24 25 26 28 29 30 31 33 34 35 36 38 39} accuracy is: 70.4%
Using features {0 1 2 4 5 6 7 8 9 10 11 12 13 14 15 16 17 18 19 20 22 23 24 25 27 28 29 30 31 33 34 35 36 38 39} accuracy is: 70.9%
Using features {0 1 2 4 5 6 7 8 9 10 11 12 13 14 15 16 17 18 19 20 22 23 24 26 27 28 29 30 31 33 34 35 36 38 39} accuracy is: 69.6%
Using features {0 1 2 4 5 6 7 8 9 10 11 12 13 14 15 16 17 18 19 20 22 23 25 26 27 28 29 30 31 33 34 35 36 38 39} accuracy is: 69.6%
Using features {0 1 2 4 5 6 7 8 9 10 11 12 13 14 15 16 17 18 19 20 22 24 25 26 27 28 29 30 31 33 34 35 36 38 39} accuracy is: 68.8%
Using features {0 1 2 4 5 6 7 8 9 10 11 12 13 14 15 16 17 18 19 20 23 24 25 26 27 28 29 30 31 33 34 35 36 38 39} accuracy is: 69.9%
Using features {0 1 2 4 5 6 7 8 9 10 11 12 13 14 15 16 17 18 19 22 23 24 25 26 27 28 29 30 31 33 34 35 36 38 39} accuracy is: 71.3%
Using features {0 1 2 4 5 6 7 8 9 10 11 12 13 14 15 16 17 18 20 22 23 24 25 26 27 28 29 30 31 33 34 35 36 38 39} accuracy is: 68.1%
Using features {0 1 2 4 5 6 7 8 9 10 11 12 13 14 15 16 17 19 20 22 23 24 25 26 27 28 29 30 31 33 34 35 36 38 39} accuracy is: 68.4%
Using features {0 1 2 4 5 6 7 8 9 10 11 12 13 14 15 16 18 19 20 22 23 24 25 26 27 28 29 30 31 33 34 35 36 38 39} accuracy is: 68.6%
Using features {0 1 2 4 5 6 7 8 9 10 11 12 13 14 15 17 18 19 20 22 23 24 25 26 27 28 29 30 31 33 34 35 36 38 39} accuracy is: 68.9%
Using features {0 1 2 4 5 6 7 8 9 10 11 12 13 14 16 17 18 19 20 22 23 24 25 26 27 28 29 30 31 33 34 35 36 38 39} accuracy is: 69.1%
Using features {0 1 2 4 5 6 7 8 9 10 11 12 13 15 16 17 18 19 20 22 23 24 25 26 27 28 29 30 31 33 34 35 36 38 39} accuracy is: 69.5%
Using features {0 1 2 4 5 6 7 8 9 10 11 12 14 15 16 17 18 19 20 22 23 24 25 26 27 28 29 30 31 33 34 35 36 38 39} accuracy is: 69.2%
Using features {0 1 2 4 5 6 7 8 9 10 11 13 14 15 16 17 18 19 20 22 23 24 25 26 27 28 29 30 31 33 34 35 36 38 39} accuracy is: 70.4%
Using features {0 1 2 4 5 6 7 8 9 10 12 13 14 15 16 17 18 19 20 22 23 24 25 26 27 28 29 30 31 33 34 35 36 38 39} accuracy is: 68.7%
Using features {0 1 2 4 5 6 7 8 9 11 12 13 14 15 16 17 18 19 20 22 23 24 25 26 27 28 29 30 31 33 34 35 36 38 39} accuracy is: 71%
Using features {0 1 2 4 5 6 7 8 10 11 12 13 14 15 16 17 18 19 20 22 23 24 25 26 27 28 29 30 31 33 34 35 36 38 39} accuracy is: 68.8%
Using features {0 1 2 4 5 6 7 9 10 11 12 13 14 15 16 17 18 19 20 22 23 24 25 26 27 28 29 30 31 33 34 35 36 38 39} accuracy is: 66.7%
Using features {0 1 2 4 5 6 8 9 10 11 12 13 14 15 16 17 18 19 20 22 23 24 25 26 27 28 29 30 31 33 34 35 36 38 39} accuracy is: 69.3%
Using features {0 1 2 4 5 7 8 9 10 11 12 13 14 15 16 17 18 19 20 22 23 24 25 26 27 28 29 30 31 33 34 35 36 38 39} accuracy is: 68.9%
Using features {0 1 2 4 6 7 8 9 10 11 12 13 14 15 16 17 18 19 20 22 23 24 25 26 27 28 29 30 31 33 34 35 36 38 39} accuracy is: 69.1%
Using features {0 1 2 5 6 7 8 9 10 11 12 13 14 15 16 17 18 19 20 22 23 24 25 26 27 28 29 30 31 33 34 35 36 38 39} accuracy is: 69.7%
Using features {0 1 4 5 6 7 8 9 10 11 12 13 14 15 16 17 18 19 20 22 23 24 25 26 27 28 29 30 31 33 34 35 36 38 39} accuracy is: 67%
Using features {0 2 4 5 6 7 8 9 10 11 12 13 14 15 16 17 18 19 20 22 23 24 25 26 27 28 29 30 31 33 34 35 36 38 39} accuracy is: 68.5%
Using features {1 2 4 5 6 7 8 9 10 11 12 13 14 15 16 17 18 19 20 22 23 24 25 26 27 28 29 30 31 33 34 35 36 38 39} accuracy is: 70.8%

Best subset this round: Using features {39 38 36 35 34 33 31 30 29 28 27 26 25 24 23 22 19 18 17 16 15 14 13 12 11 10 9 8 7 6 5 4 2 1 0} accuracy is: 71.3%

Using features {0 1 2 4 5 6 7 8 9 10 11 12 13 14 15 16 17 18 19 22 23 24 25 26 27 28 29 30 31 33 34 35 36 38} accuracy is: 70.8%
Using features {0 1 2 4 5 6 7 8 9 10 11 12 13 14 15 16 17 18 19 22 23 24 25 26 27 28 29 30 31 33 34 35 36 39} accuracy is: 71%
Using features {0 1 2 4 5 6 7 8 9 10 11 12 13 14 15 16 17 18 19 22 23 24 25 26 27 28 29 30 31 33 34 35 38 39} accuracy is: 70.6%
Using features {0 1 2 4 5 6 7 8 9 10 11 12 13 14 15 16 17 18 19 22 23 24 25 26 27 28 29 30 31 33 34 36 38 39} accuracy is: 70.3%
Using features {0 1 2 4 5 6 7 8 9 10 11 12 13 14 15 16 17 18 19 22 23 24 25 26 27 28 29 30 31 33 35 36 38 39} accuracy is: 70.1%
Using features {0 1 2 4 5 6 7 8 9 10 11 12 13 14 15 16 17 18 19 22 23 24 25 26 27 28 29 30 31 34 35 36 38 39} accuracy is: 71.7%
Using features {0 1 2 4 5 6 7 8 9 10 11 12 13 14 15 16 17 18 19 22 23 24 25 26 27 28 29 30 33 34 35 36 38 39} accuracy is: 71.4%
Using features {0 1 2 4 5 6 7 8 9 10 11 12 13 14 15 16 17 18 19 22 23 24 25 26 27 28 29 31 33 34 35 36 38 39} accuracy is: 70.6%
Using features {0 1 2 4 5 6 7 8 9 10 11 12 13 14 15 16 17 18 19 22 23 24 25 26 27 28 30 31 33 34 35 36 38 39} accuracy is: 69.3%
Using features {0 1 2 4 5 6 7 8 9 10 11 12 13 14 15 16 17 18 19 22 23 24 25 26 27 29 30 31 33 34 35 36 38 39} accuracy is: 72.1%
Using features {0 1 2 4 5 6 7 8 9 10 11 12 13 14 15 16 17 18 19 22 23 24 25 26 28 29 30 31 33 34 35 36 38 39} accuracy is: 70.8%
Using features {0 1 2 4 5 6 7 8 9 10 11 12 13 14 15 16 17 18 19 22 23 24 25 27 28 29 30 31 33 34 35 36 38 39} accuracy is: 71.4%
Using features {0 1 2 4 5 6 7 8 9 10 11 12 13 14 15 16 17 18 19 22 23 24 26 27 28 29 30 31 33 34 35 36 38 39} accuracy is: 70.5%
Using features {0 1 2 4 5 6 7 8 9 10 11 12 13 14 15 16 17 18 19 22 23 25 26 27 28 29 30 31 33 34 35 36 38 39} accuracy is: 71.4%
Using features {0 1 2 4 5 6 7 8 9 10 11 12 13 14 15 16 17 18 19 22 24 25 26 27 28 29 30 31 33 34 35 36 38 39} accuracy is: 70.7%
Using features {0 1 2 4 5 6 7 8 9 10 11 12 13 14 15 16 17 18 19 23 24 25 26 27 28 29 30 31 33 34 35 36 38 39} accuracy is: 70.8%
Using features {0 1 2 4 5 6 7 8 9 10 11 12 13 14 15 16 17 18 22 23 24 25 26 27 28 29 30 31 33 34 35 36 38 39} accuracy is: 69.4%
Using features {0 1 2 4 5 6 7 8 9 10 11 12 13 14 15 16 17 19 22 23 24 25 26 27 28 29 30 31 33 34 35 36 38 39} accuracy is: 69.3%
Using features {0 1 2 4 5 6 7 8 9 10 11 12 13 14 15 16 18 19 22 23 24 25 26 27 28 29 30 31 33 34 35 36 38 39} accuracy is: 70.2%
Using features {0 1 2 4 5 6 7 8 9 10 11 12 13 14 15 17 18 19 22 23 24 25 26 27 28 29 30 31 33 34 35 36 38 39} accuracy is: 69.5%
Using features {0 1 2 4 5 6 7 8 9 10 11 12 13 14 16 17 18 19 22 23 24 25 26 27 28 29 30 31 33 34 35 36 38 39} accuracy is: 70.5%
Using features {0 1 2 4 5 6 7 8 9 10 11 12 13 15 16 17 18 19 22 23 24 25 26 27 28 29 30 31 33 34 35 36 38 39} accuracy is: 71.6%
Using features {0 1 2 4 5 6 7 8 9 10 11 12 14 15 16 17 18 19 22 23 24 25 26 27 28 29 30 31 33 34 35 36 38 39} accuracy is: 71%
Using features {0 1 2 4 5 6 7 8 9 10 11 13 14 15 16 17 18 19 22 23 24 25 26 27 28 29 30 31 33 34 35 36 38 39} accuracy is: 70.7%
Using features {0 1 2 4 5 6 7 8 9 10 12 13 14 15 16 17 18 19 22 23 24 25 26 27 28 29 30 31 33 34 35 36 38 39} accuracy is: 70.1%
Using features {0 1 2 4 5 6 7 8 9 11 12 13 14 15 16 17 18 19 22 23 24 25 26 27 28 29 30 31 33 34 35 36 38 39} accuracy is: 72.2%
Using features {0 1 2 4 5 6 7 8 10 11 12 13 14 15 16 17 18 19 22 23 24 25 26 27 28 29 30 31 33 34 35 36 38 39} accuracy is: 69.8%
Using features {0 1 2 4 5 6 7 9 10 11 12 13 14 15 16 17 18 19 22 23 24 25 26 27 28 29 30 31 33 34 35 36 38 39} accuracy is: 68.3%
Using features {0 1 2 4 5 6 8 9 10 11 12 13 14 15 16 17 18 19 22 23 24 25 26 27 28 29 30 31 33 34 35 36 38 39} accuracy is: 70.3%
Using features {0 1 2 4 5 7 8 9 10 11 12 13 14 15 16 17 18 19 22 23 24 25 26 27 28 29 30 31 33 34 35 36 38 39} accuracy is: 70.2%
Using features {0 1 2 4 6 7 8 9 10 11 12 13 14 15 16 17 18 19 22 23 24 25 26 27 28 29 30 31 33 34 35 36 38 39} accuracy is: 70.7%
Using features {0 1 2 5 6 7 8 9 10 11 12 13 14 15 16 17 18 19 22 23 24 25 26 27 28 29 30 31 33 34 35 36 38 39} accuracy is: 70.8%
Using features {0 1 4 5 6 7 8 9 10 11 12 13 14 15 16 17 18 19 22 23 24 25 26 27 28 29 30 31 33 34 35 36 38 39} accuracy is: 68.7%
Using features {0 2 4 5 6 7 8 9 10 11 12 13 14 15 16 17 18 19 22 23 24 25 26 27 28 29 30 31 33 34 35 36 38 39} accuracy is: 70.1%
Using features {1 2 4 5 6 7 8 9 10 11 12 13 14 15 16 17 18 19 22 23 24 25 26 27 28 29 30 31 33 34 35 36 38 39} accuracy is: 70.7%

Best subset this round: Using features {39 38 36 35 34 33 31 30 29 28 27 26 25 24 23 22 19 18 17 16 15 14 13 12 11 9 8 7 6 5 4 2 1 0} accuracy is: 72.2%

Using features {0 1 2 4 5 6 7 8 9 11 12 13 14 15 16 17 18 19 22 23 24 25 26 27 28 29 30 31 33 34 35 36 38} accuracy is: 70%
Using features {0 1 2 4 5 6 7 8 9 11 12 13 14 15 16 17 18 19 22 23 24 25 26 27 28 29 30 31 33 34 35 36 39} accuracy is: 71.4%
Using features {0 1 2 4 5 6 7 8 9 11 12 13 14 15 16 17 18 19 22 23 24 25 26 27 28 29 30 31 33 34 35 38 39} accuracy is: 72%
Using features {0 1 2 4 5 6 7 8 9 11 12 13 14 15 16 17 18 19 22 23 24 25 26 27 28 29 30 31 33 34 36 38 39} accuracy is: 71.3%
Using features {0 1 2 4 5 6 7 8 9 11 12 13 14 15 16 17 18 19 22 23 24 25 26 27 28 29 30 31 33 35 36 38 39} accuracy is: 70.6%
Using features {0 1 2 4 5 6 7 8 9 11 12 13 14 15 16 17 18 19 22 23 24 25 26 27 28 29 30 31 34 35 36 38 39} accuracy is: 72.2%
Using features {0 1 2 4 5 6 7 8 9 11 12 13 14 15 16 17 18 19 22 23 24 25 26 27 28 29 30 33 34 35 36 38 39} accuracy is: 71.9%
Using features {0 1 2 4 5 6 7 8 9 11 12 13 14 15 16 17 18 19 22 23 24 25 26 27 28 29 31 33 34 35 36 38 39} accuracy is: 72%
Using features {0 1 2 4 5 6 7 8 9 11 12 13 14 15 16 17 18 19 22 23 24 25 26 27 28 30 31 33 34 35 36 38 39} accuracy is: 70.7%
Using features {0 1 2 4 5 6 7 8 9 11 12 13 14 15 16 17 18 19 22 23 24 25 26 27 29 30 31 33 34 35 36 38 39} accuracy is: 71.8%
Using features {0 1 2 4 5 6 7 8 9 11 12 13 14 15 16 17 18 19 22 23 24 25 26 28 29 30 31 33 34 35 36 38 39} accuracy is: 72.1%
Using features {0 1 2 4 5 6 7 8 9 11 12 13 14 15 16 17 18 19 22 23 24 25 27 28 29 30 31 33 34 35 36 38 39} accuracy is: 71.5%
Using features {0 1 2 4 5 6 7 8 9 11 12 13 14 15 16 17 18 19 22 23 24 26 27 28 29 30 31 33 34 35 36 38 39} accuracy is: 71.4%
Using features {0 1 2 4 5 6 7 8 9 11 12 13 14 15 16 17 18 19 22 23 25 26 27 28 29 30 31 33 34 35 36 38 39} accuracy is: 72.4%
Using features {0 1 2 4 5 6 7 8 9 11 12 13 14 15 16 17 18 19 22 24 25 26 27 28 29 30 31 33 34 35 36 38 39} accuracy is: 72%
Using features {0 1 2 4 5 6 7 8 9 11 12 13 14 15 16 17 18 19 23 24 25 26 27 28 29 30 31 33 34 35 36 38 39} accuracy is: 71.9%
Using features {0 1 2 4 5 6 7 8 9 11 12 13 14 15 16 17 18 22 23 24 25 26 27 28 29 30 31 33 34 35 36 38 39} accuracy is: 71%
Using features {0 1 2 4 5 6 7 8 9 11 12 13 14 15 16 17 19 22 23 24 25 26 27 28 29 30 31 33 34 35 36 38 39} accuracy is: 70.5%
Using features {0 1 2 4 5 6 7 8 9 11 12 13 14 15 16 18 19 22 23 24 25 26 27 28 29 30 31 33 34 35 36 38 39} accuracy is: 70.3%
Using features {0 1 2 4 5 6 7 8 9 11 12 13 14 15 17 18 19 22 23 24 25 26 27 28 29 30 31 33 34 35 36 38 39} accuracy is: 70.3%
Using features {0 1 2 4 5 6 7 8 9 11 12 13 14 16 17 18 19 22 23 24 25 26 27 28 29 30 31 33 34 35 36 38 39} accuracy is: 72.1%
Using features {0 1 2 4 5 6 7 8 9 11 12 13 15 16 17 18 19 22 23 24 25 26 27 28 29 30 31 33 34 35 36 38 39} accuracy is: 71.7%
Using features {0 1 2 4 5 6 7 8 9 11 12 14 15 16 17 18 19 22 23 24 25 26 27 28 29 30 31 33 34 35 36 38 39} accuracy is: 71.3%
Using features {0 1 2 4 5 6 7 8 9 11 13 14 15 16 17 18 19 22 23 24 25 26 27 28 29 30 31 33 34 35 36 38 39} accuracy is: 70.9%
Using features {0 1 2 4 5 6 7 8 9 12 13 14 15 16 17 18 19 22 23 24 25 26 27 28 29 30 31 33 34 35 36 38 39} accuracy is: 69.5%
Using features {0 1 2 4 5 6 7 8 11 12 13 14 15 16 17 18 19 22 23 24 25 26 27 28 29 30 31 33 34 35 36 38 39} accuracy is: 70.6%
Using features {0 1 2 4 5 6 7 9 11 12 13 14 15 16 17 18 19 22 23 24 25 26 27 28 29 30 31 33 34 35 36 38 39} accuracy is: 70.4%
Using features {0 1 2 4 5 6 8 9 11 12 13 14 15 16 17 18 19 22 23 24 25 26 27 28 29 30 31 33 34 35 36 38 39} accuracy is: 71.3%
Using features {0 1 2 4 5 7 8 9 11 12 13 14 15 16 17 18 19 22 23 24 25 26 27 28 29 30 31 33 34 35 36 38 39} accuracy is: 71.5%
Using features {0 1 2 4 6 7 8 9 11 12 13 14 15 16 17 18 19 22 23 24 25 26 27 28 29 30 31 33 34 35 36 38 39} accuracy is: 70.4%
Using features {0 1 2 5 6 7 8 9 11 12 13 14 15 16 17 18 19 22 23 24 25 26 27 28 29 30 31 33 34 35 36 38 39} accuracy is: 71%
Using features {0 1 4 5 6 7 8 9 11 12 13 14 15 16 17 18 19 22 23 24 25 26 27 28 29 30 31 33 34 35 36 38 39} accuracy is: 70.3%
Using features {0 2 4 5 6 7 8 9 11 12 13 14 15 16 17 18 19 22 23 24 25 26 27 28 29 30 31 33 34 35 36 38 39} accuracy is: 70.4%
Using features {1 2 4 5 6 7 8 9 11 12 13 14 15 16 17 18 19 22 23 24 25 26 27 28 29 30 31 33 34 35 36 38 39} accuracy is: 71.5%

Best subset this round: Using features {39 38 36 35 34 33 31 30 29 28 27 26 25 23 22 19 18 17 16 15 14 13 12 11 9 8 7 6 5 4 2 1 0} accuracy is: 72.4%

Using features {0 1 2 4 5 6 7 8 9 11 12 13 14 15 16 17 18 19 22 23 25 26 27 28 29 30 31 33 34 35 36 38} accuracy is: 71.4%
Using features {0 1 2 4 5 6 7 8 9 11 12 13 14 15 16 17 18 19 22 23 25 26 27 28 29 30 31 33 34 35 36 39} accuracy is: 70.9%
Using features {0 1 2 4 5 6 7 8 9 11 12 13 14 15 16 17 18 19 22 23 25 26 27 28 29 30 31 33 34 35 38 39} accuracy is: 72.9%
Using features {0 1 2 4 5 6 7 8 9 11 12 13 14 15 16 17 18 19 22 23 25 26 27 28 29 30 31 33 34 36 38 39} accuracy is: 71%
Using features {0 1 2 4 5 6 7 8 9 11 12 13 14 15 16 17 18 19 22 23 25 26 27 28 29 30 31 33 35 36 38 39} accuracy is: 70.3%
Using features {0 1 2 4 5 6 7 8 9 11 12 13 14 15 16 17 18 19 22 23 25 26 27 28 29 30 31 34 35 36 38 39} accuracy is: 72.2%
Using features {0 1 2 4 5 6 7 8 9 11 12 13 14 15 16 17 18 19 22 23 25 26 27 28 29 30 33 34 35 36 38 39} accuracy is: 72.7%
Using features {0 1 2 4 5 6 7 8 9 11 12 13 14 15 16 17 18 19 22 23 25 26 27 28 29 31 33 34 35 36 38 39} accuracy is: 71.9%
Using features {0 1 2 4 5 6 7 8 9 11 12 13 14 15 16 17 18 19 22 23 25 26 27 28 30 31 33 34 35 36 38 39} accuracy is: 70.7%
Using features {0 1 2 4 5 6 7 8 9 11 12 13 14 15 16 17 18 19 22 23 25 26 27 29 30 31 33 34 35 36 38 39} accuracy is: 72.5%
Using features {0 1 2 4 5 6 7 8 9 11 12 13 14 15 16 17 18 19 22 23 25 26 28 29 30 31 33 34 35 36 38 39} accuracy is: 70.8%
Using features {0 1 2 4 5 6 7 8 9 11 12 13 14 15 16 17 18 19 22 23 25 27 28 29 30 31 33 34 35 36 38 39} accuracy is: 72.7%
Using features {0 1 2 4 5 6 7 8 9 11 12 13 14 15 16 17 18 19 22 23 26 27 28 29 30 31 33 34 35 36 38 39} accuracy is: 72.1%
Using features {0 1 2 4 5 6 7 8 9 11 12 13 14 15 16 17 18 19 22 25 26 27 28 29 30 31 33 34 35 36 38 39} accuracy is: 71.9%
Using features {0 1 2 4 5 6 7 8 9 11 12 13 14 15 16 17 18 19 23 25 26 27 28 29 30 31 33 34 35 36 38 39} accuracy is: 72.2%
Using features {0 1 2 4 5 6 7 8 9 11 12 13 14 15 16 17 18 22 23 25 26 27 28 29 30 31 33 34 35 36 38 39} accuracy is: 71.2%
Using features {0 1 2 4 5 6 7 8 9 11 12 13 14 15 16 17 19 22 23 25 26 27 28 29 30 31 33 34 35 36 38 39} accuracy is: 70.8%
Using features {0 1 2 4 5 6 7 8 9 11 12 13 14 15 16 18 19 22 23 25 26 27 28 29 30 31 33 34 35 36 38 39} accuracy is: 71%
Using features {0 1 2 4 5 6 7 8 9 11 12 13 14 15 17 18 19 22 23 25 26 27 28 29 30 31 33 34 35 36 38 39} accuracy is: 71.3%
Using features {0 1 2 4 5 6 7 8 9 11 12 13 14 16 17 18 19 22 23 25 26 27 28 29 30 31 33 34 35 36 38 39} accuracy is: 71.8%
Using features {0 1 2 4 5 6 7 8 9 11 12 13 15 16 17 18 19 22 23 25 26 27 28 29 30 31 33 34 35 36 38 39} accuracy is: 71.4%
Using features {0 1 2 4 5 6 7 8 9 11 12 14 15 16 17 18 19 22 23 25 26 27 28 29 30 31 33 34 35 36 38 39} accuracy is: 71.4%
Using features {0 1 2 4 5 6 7 8 9 11 13 14 15 16 17 18 19 22 23 25 26 27 28 29 30 31 33 34 35 36 38 39} accuracy is: 71.2%
Using features {0 1 2 4 5 6 7 8 9 12 13 14 15 16 17 18 19 22 23 25 26 27 28 29 30 31 33 34 35 36 38 39} accuracy is: 70.4%
Using features {0 1 2 4 5 6 7 8 11 12 13 14 15 16 17 18 19 22 23 25 26 27 28 29 30 31 33 34 35 36 38 39} accuracy is: 72.2%
Using features {0 1 2 4 5 6 7 9 11 12 13 14 15 16 17 18 19 22 23 25 26 27 28 29 30 31 33 34 35 36 38 39} accuracy is: 71.4%
Using features {0 1 2 4 5 6 8 9 11 12 13 14 15 16 17 18 19 22 23 25 26 27 28 29 30 31 33 34 35 36 38 39} accuracy is: 71.4%
Using features {0 1 2 4 5 7 8 9 11 12 13 14 15 16 17 18 19 22 23 25 26 27 28 29 30 31 33 34 35 36 38 39} accuracy is: 70.4%
Using features {0 1 2 4 6 7 8 9 11 12 13 14 15 16 17 18 19 22 23 25 26 27 28 29 30 31 33 34 35 36 38 39} accuracy is: 70.8%
Using features {0 1 2 5 6 7 8 9 11 12 13 14 15 16 17 18 19 22 23 25 26 27 28 29 30 31 33 34 35 36 38 39} accuracy is: 72%
Using features {0 1 4 5 6 7 8 9 11 12 13 14 15 16 17 18 19 22 23 25 26 27 28 29 30 31 33 34 35 36 38 39} accuracy is: 70.5%
Using features {0 2 4 5 6 7 8 9 11 12 13 14 15 16 17 18 19 22 23 25 26 27 28 29 30 31 33 34 35 36 38 39} accuracy is: 71%
Using features {1 2 4 5 6 7 8 9 11 12 13 14 15 16 17 18 19 22 23 25 26 27 28 29 30 31 33 34 35 36 38 39} accuracy is: 71.6%

Best subset this round: Using features {39 38 35 34 33 31 30 29 28 27 26 25 23 22 19 18 17 16 15 14 13 12 11 9 8 7 6 5 4 2 1 0} accuracy is: 72.9%

Using features {0 1 2 4 5 6 7 8 9 11 12 13 14 15 16 17 18 19 22 23 25 26 27 28 29 30 31 33 34 35 38} accuracy is: 71.7%
Using features {0 1 2 4 5 6 7 8 9 11 12 13 14 15 16 17 18 19 22 23 25 26 27 28 29 30 31 33 34 35 39} accuracy is: 73.7%
Using features {0 1 2 4 5 6 7 8 9 11 12 13 14 15 16 17 18 19 22 23 25 26 27 28 29 30 31 33 34 38 39} accuracy is: 71.9%
Using features {0 1 2 4 5 6 7 8 9 11 12 13 14 15 16 17 18 19 22 23 25 26 27 28 29 30 31 33 35 38 39} accuracy is: 71.3%
Using features {0 1 2 4 5 6 7 8 9 11 12 13 14 15 16 17 18 19 22 23 25 26 27 28 29 30 31 34 35 38 39} accuracy is: 72.1%
Using features {0 1 2 4 5 6 7 8 9 11 12 13 14 15 16 17 18 19 22 23 25 26 27 28 29 30 33 34 35 38 39} accuracy is: 74%
Using features {0 1 2 4 5 6 7 8 9 11 12 13 14 15 16 17 18 19 22 23 25 26 27 28 29 31 33 34 35 38 39} accuracy is: 72.3%
Using features {0 1 2 4 5 6 7 8 9 11 12 13 14 15 16 17 18 19 22 23 25 26 27 28 30 31 33 34 35 38 39} accuracy is: 71.3%
Using features {0 1 2 4 5 6 7 8 9 11 12 13 14 15 16 17 18 19 22 23 25 26 27 29 30 31 33 34 35 38 39} accuracy is: 72%
Using features {0 1 2 4 5 6 7 8 9 11 12 13 14 15 16 17 18 19 22 23 25 26 28 29 30 31 33 34 35 38 39} accuracy is: 70.9%
Using features {0 1 2 4 5 6 7 8 9 11 12 13 14 15 16 17 18 19 22 23 25 27 28 29 30 31 33 34 35 38 39} accuracy is: 72.4%
Using features {0 1 2 4 5 6 7 8 9 11 12 13 14 15 16 17 18 19 22 23 26 27 28 29 30 31 33 34 35 38 39} accuracy is: 72.9%
Using features {0 1 2 4 5 6 7 8 9 11 12 13 14 15 16 17 18 19 22 25 26 27 28 29 30 31 33 34 35 38 39} accuracy is: 72.3%
Using features {0 1 2 4 5 6 7 8 9 11 12 13 14 15 16 17 18 19 23 25 26 27 28 29 30 31 33 34 35 38 39} accuracy is: 73%
Using features {0 1 2 4 5 6 7 8 9 11 12 13 14 15 16 17 18 22 23 25 26 27 28 29 30 31 33 34 35 38 39} accuracy is: 70.9%
Using features {0 1 2 4 5 6 7 8 9 11 12 13 14 15 16 17 19 22 23 25 26 27 28 29 30 31 33 34 35 38 39} accuracy is: 71.8%
Using features {0 1 2 4 5 6 7 8 9 11 12 13 14 15 16 18 19 22 23 25 26 27 28 29 30 31 33 34 35 38 39} accuracy is: 70.9%
Using features {0 1 2 4 5 6 7 8 9 11 12 13 14 15 17 18 19 22 23 25 26 27 28 29 30 31 33 34 35 38 39} accuracy is: 71.8%
Using features {0 1 2 4 5 6 7 8 9 11 12 13 14 16 17 18 19 22 23 25 26 27 28 29 30 31 33 34 35 38 39} accuracy is: 71%
Using features {0 1 2 4 5 6 7 8 9 11 12 13 15 16 17 18 19 22 23 25 26 27 28 29 30 31 33 34 35 38 39} accuracy is: 71.6%
Using features {0 1 2 4 5 6 7 8 9 11 12 14 15 16 17 18 19 22 23 25 26 27 28 29 30 31 33 34 35 38 39} accuracy is: 70.2%
Using features {0 1 2 4 5 6 7 8 9 11 13 14 15 16 17 18 19 22 23 25 26 27 28 29 30 31 33 34 35 38 39} accuracy is: 72.9%
Using features {0 1 2 4 5 6 7 8 9 12 13 14 15 16 17 18 19 22 23 25 26 27 28 29 30 31 33 34 35 38 39} accuracy is: 71.2%
Using features {0 1 2 4 5 6 7 8 11 12 13 14 15 16 17 18 19 22 23 25 26 27 28 29 30 31 33 34 35 38 39} accuracy is: 72.6%
Using features {0 1 2 4 5 6 7 9 11 12 13 14 15 16 17 18 19 22 23 25 26 27 28 29 30 31 33 34 35 38 39} accuracy is: 71.4%
Using features {0 1 2 4 5 6 8 9 11 12 13 14 15 16 17 18 19 22 23 25 26 27 28 29 30 31 33 34 35 38 39} accuracy is: 72.2%
Using features {0 1 2 4 5 7 8 9 11 12 13 14 15 16 17 18 19 22 23 25 26 27 28 29 30 31 33 34 35 38 39} accuracy is: 72%
Using features {0 1 2 4 6 7 8 9 11 12 13 14 15 16 17 18 19 22 23 25 26 27 28 29 30 31 33 34 35 38 39} accuracy is: 71%
Using features {0 1 2 5 6 7 8 9 11 12 13 14 15 16 17 18 19 22 23 25 26 27 28 29 30 31 33 34 35 38 39} accuracy is: 72.2%
Using features {0 1 4 5 6 7 8 9 11 12 13 14 15 16 17 18 19 22 23 25 26 27 28 29 30 31 33 34 35 38 39} accuracy is: 70.8%
Using features {0 2 4 5 6 7 8 9 11 12 13 14 15 16 17 18 19 22 23 25 26 27 28 29 30 31 33 34 35 38 39} accuracy is: 72.9%
Using features {1 2 4 5 6 7 8 9 11 12 13 14 15 16 17 18 19 22 23 25 26 27 28 29 30 31 33 34 35 38 39} accuracy is: 72.6%

Best subset this round: Using features {39 38 35 34 33 30 29 28 27 26 25 23 22 19 18 17 16 15 14 13 12 11 9 8 7 6 5 4 2 1 0} accuracy is: 74%

Using features {0 1 2 4 5 6 7 8 9 11 12 13 14 15 16 17 18 19 22 23 25 26 27 28 29 30 33 34 35 38} accuracy is: 71.5%
Using features {0 1 2 4 5 6 7 8 9 11 12 13 14 15 16 17 18 19 22 23 25 26 27 28 29 30 33 34 35 39} accuracy is: 74.2%
Using features {0 1 2 4 5 6 7 8 9 11 12 13 14 15 16 17 18 19 22 23 25 26 27 28 29 30 33 34 38 39} accuracy is: 72.9%
Using features {0 1 2 4 5 6 7 8 9 11 12 13 14 15 16 17 18 19 22 23 25 26 27 28 29 30 33 35 38 39} accuracy is: 71.7%
Using features {0 1 2 4 5 6 7 8 9 11 12 13 14 15 16 17 18 19 22 23 25 26 27 28 29 30 34 35 38 39} accuracy is: 73.4%
Using features {0 1 2 4 5 6 7 8 9 11 12 13 14 15 16 17 18 19 22 23 25 26 27 28 29 33 34 35 38 39} accuracy is: 72.6%
Using features {0 1 2 4 5 6 7 8 9 11 12 13 14 15 16 17 18 19 22 23 25 26 27 28 30 33 34 35 38 39} accuracy is: 71.7%
Using features {0 1 2 4 5 6 7 8 9 11 12 13 14 15 16 17 18 19 22 23 25 26 27 29 30 33 34 35 38 39} accuracy is: 73.9%
Using features {0 1 2 4 5 6 7 8 9 11 12 13 14 15 16 17 18 19 22 23 25 26 28 29 30 33 34 35 38 39} accuracy is: 71.2%
Using features {0 1 2 4 5 6 7 8 9 11 12 13 14 15 16 17 18 19 22 23 25 27 28 29 30 33 34 35 38 39} accuracy is: 73%
Using features {0 1 2 4 5 6 7 8 9 11 12 13 14 15 16 17 18 19 22 23 26 27 28 29 30 33 34 35 38 39} accuracy is: 73.8%
Using features {0 1 2 4 5 6 7 8 9 11 12 13 14 15 16 17 18 19 22 25 26 27 28 29 30 33 34 35 38 39} accuracy is: 72.6%
Using features {0 1 2 4 5 6 7 8 9 11 12 13 14 15 16 17 18 19 23 25 26 27 28 29 30 33 34 35 38 39} accuracy is: 73.1%
Using features {0 1 2 4 5 6 7 8 9 11 12 13 14 15 16 17 18 22 23 25 26 27 28 29 30 33 34 35 38 39} accuracy is: 72.3%
Using features {0 1 2 4 5 6 7 8 9 11 12 13 14 15 16 17 19 22 23 25 26 27 28 29 30 33 34 35 38 39} accuracy is: 72.3%
Using features {0 1 2 4 5 6 7 8 9 11 12 13 14 15 16 18 19 22 23 25 26 27 28 29 30 33 34 35 38 39} accuracy is: 71.5%
Using features {0 1 2 4 5 6 7 8 9 11 12 13 14 15 17 18 19 22 23 25 26 27 28 29 30 33 34 35 38 39} accuracy is: 72.4%
Using features {0 1 2 4 5 6 7 8 9 11 12 13 14 16 17 18 19 22 23 25 26 27 28 29 30 33 34 35 38 39} accuracy is: 72.1%
Using features {0 1 2 4 5 6 7 8 9 11 12 13 15 16 17 18 19 22 23 25 26 27 28 29 30 33 34 35 38 39} accuracy is: 71.8%
Using features {0 1 2 4 5 6 7 8 9 11 12 14 15 16 17 18 19 22 23 25 26 27 28 29 30 33 34 35 38 39} accuracy is: 73.1%
Using features {0 1 2 4 5 6 7 8 9 11 13 14 15 16 17 18 19 22 23 25 26 27 28 29 30 33 34 35 38 39} accuracy is: 73.5%
Using features {0 1 2 4 5 6 7 8 9 12 13 14 15 16 17 18 19 22 23 25 26 27 28 29 30 33 34 35 38 39} accuracy is: 71.2%
Using features {0 1 2 4 5 6 7 8 11 12 13 14 15 16 17 18 19 22 23 25 26 27 28 29 30 33 34 35 38 39} accuracy is: 71.8%
Using features {0 1 2 4 5 6 7 9 11 12 13 14 15 16 17 18 19 22 23 25 26 27 28 29 30 33 34 35 38 39} accuracy is: 73.1%
Using features {0 1 2 4 5 6 8 9 11 12 13 14 15 16 17 18 19 22 23 25 26 27 28 29 30 33 34 35 38 39} accuracy is: 73.6%
Using features {0 1 2 4 5 7 8 9 11 12 13 14 15 16 17 18 19 22 23 25 26 27 28 29 30 33 34 35 38 39} accuracy is: 74.7%
Using features {0 1 2 4 6 7 8 9 11 12 13 14 15 16 17 18 19 22 23 25 26 27 28 29 30 33 34 35 38 39} accuracy is: 71.8%
Using features {0 1 2 5 6 7 8 9 11 12 13 14 15 16 17 18 19 22 23 25 26 27 28 29 30 33 34 35 38 39} accuracy is: 72%
Using features {0 1 4 5 6 7 8 9 11 12 13 14 15 16 17 18 19 22 23 25 26 27 28 29 30 33 34 35 38 39} accuracy is: 71.5%
Using features {0 2 4 5 6 7 8 9 11 12 13 14 15 16 17 18 19 22 23 25 26 27 28 29 30 33 34 35 38 39} accuracy is: 73.4%
Using features {1 2 4 5 6 7 8 9 11 12 13 14 15 16 17 18 19 22 23 25 26 27 28 29 30 33 34 35 38 39} accuracy is: 73.9%

Best subset this round: Using features {39 38 35 34 33 30 29 28 27 26 25 23 22 19 18 17 16 15 14 13 12 11 9 8 7 5 4 2 1 0} accuracy is: 74.7%

Using features {0 1 2 4 5 7 8 9 11 12 13 14 15 16 17 18 19 22 23 25 26 27 28 29 30 33 34 35 38} accuracy is: 73.1%
Using features {0 1 2 4 5 7 8 9 11 12 13 14 15 16 17 18 19 22 23 25 26 27 28 29 30 33 34 35 39} accuracy is: 74%
Using features {0 1 2 4 5 7 8 9 11 12 13 14 15 16 17 18 19 22 23 25 26 27 28 29 30 33 34 38 39} accuracy is: 72.4%
Using features {0 1 2 4 5 7 8 9 11 12 13 14 15 16 17 18 19 22 23 25 26 27 28 29 30 33 35 38 39} accuracy is: 72%
Using features {0 1 2 4 5 7 8 9 11 12 13 14 15 16 17 18 19 22 23 25 26 27 28 29 30 34 35 38 39} accuracy is: 73.3%
Using features {0 1 2 4 5 7 8 9 11 12 13 14 15 16 17 18 19 22 23 25 26 27 28 29 33 34 35 38 39} accuracy is: 72.9%
Using features {0 1 2 4 5 7 8 9 11 12 13 14 15 16 17 18 19 22 23 25 26 27 28 30 33 34 35 38 39} accuracy is: 71.9%
Using features {0 1 2 4 5 7 8 9 11 12 13 14 15 16 17 18 19 22 23 25 26 27 29 30 33 34 35 38 39} accuracy is: 73.3%
Using features {0 1 2 4 5 7 8 9 11 12 13 14 15 16 17 18 19 22 23 25 26 28 29 30 33 34 35 38 39} accuracy is: 71.8%
Using features {0 1 2 4 5 7 8 9 11 12 13 14 15 16 17 18 19 22 23 25 27 28 29 30 33 34 35 38 39} accuracy is: 73.2%
Using features {0 1 2 4 5 7 8 9 11 12 13 14 15 16 17 18 19 22 23 26 27 28 29 30 33 34 35 38 39} accuracy is: 73.4%
Using features {0 1 2 4 5 7 8 9 11 12 13 14 15 16 17 18 19 22 25 26 27 28 29 30 33 34 35 38 39} accuracy is: 71.4%
Using features {0 1 2 4 5 7 8 9 11 12 13 14 15 16 17 18 19 23 25 26 27 28 29 30 33 34 35 38 39} accuracy is: 73.3%
Using features {0 1 2 4 5 7 8 9 11 12 13 14 15 16 17 18 22 23 25 26 27 28 29 30 33 34 35 38 39} accuracy is: 72.5%
Using features {0 1 2 4 5 7 8 9 11 12 13 14 15 16 17 19 22 23 25 26 27 28 29 30 33 34 35 38 39} accuracy is: 73.1%
Using features {0 1 2 4 5 7 8 9 11 12 13 14 15 16 18 19 22 23 25 26 27 28 29 30 33 34 35 38 39} accuracy is: 72.1%
Using features {0 1 2 4 5 7 8 9 11 12 13 14 15 17 18 19 22 23 25 26 27 28 29 30 33 34 35 38 39} accuracy is: 72.5%
Using features {0 1 2 4 5 7 8 9 11 12 13 14 16 17 18 19 22 23 25 26 27 28 29 30 33 34 35 38 39} accuracy is: 72.5%
Using features {0 1 2 4 5 7 8 9 11 12 13 15 16 17 18 19 22 23 25 26 27 28 29 30 33 34 35 38 39} accuracy is: 73.3%
Using features {0 1 2 4 5 7 8 9 11 12 14 15 16 17 18 19 22 23 25 26 27 28 29 30 33 34 35 38 39} accuracy is: 74.3%
Using features {0 1 2 4 5 7 8 9 11 13 14 15 16 17 18 19 22 23 25 26 27 28 29 30 33 34 35 38 39} accuracy is: 74.6%
Using features {0 1 2 4 5 7 8 9 12 13 14 15 16 17 18 19 22 23 25 26 27 28 29 30 33 34 35 38 39} accuracy is: 71.9%
Using features {0 1 2 4 5 7 8 11 12 13 14 15 16 17 18 19 22 23 25 26 27 28 29 30 33 34 35 38 39} accuracy is: 71.8%
Using features {0 1 2 4 5 7 9 11 12 13 14 15 16 17 18 19 22 23 25 26 27 28 29 30 33 34 35 38 39} accuracy is: 72.3%
Using features {0 1 2 4 5 8 9 11 12 13 14 15 16 17 18 19 22 23 25 26 27 28 29 30 33 34 35 38 39} accuracy is: 73.2%
Using features {0 1 2 4 7 8 9 11 12 13 14 15 16 17 18 19 22 23 25 26 27 28 29 30 33 34 35 38 39} accuracy is: 71.7%
Using features {0 1 2 5 7 8 9 11 12 13 14 15 16 17 18 19 22 23 25 26 27 28 29 30 33 34 35 38 39} accuracy is: 72.1%
Using features {0 1 4 5 7 8 9 11 12 13 14 15 16 17 18 19 22 23 25 26 27 28 29 30 33 34 35 38 39} accuracy is: 72.8%
Using features {0 2 4 5 7 8 9 11 12 13 14 15 16 17 18 19 22 23 25 26 27 28 29 30 33 34 35 38 39} accuracy is: 73.6%
Using features {1 2 4 5 7 8 9 11 12 13 14 15 16 17 18 19 22 23 25 26 27 28 29 30 33 34 35 38 39} accuracy is: 74.2%

Best subset this round: Using features {39 38 35 34 33 30 29 28 27 26 25 23 22 19 18 17 16 15 14 13 11 9 8 7 5 4 2 1 0} accuracy is: 74.6%

Using features {0 1 2 4 5 7 8 9 11 13 14 15 16 17 18 19 22 23 25 26 27 28 29 30 33 34 35 38} accuracy is: 72.6%
Using features {0 1 2 4 5 7 8 9 11 13 14 15 16 17 18 19 22 23 25 26 27 28 29 30 33 34 35 39} accuracy is: 73.5%
Using features {0 1 2 4 5 7 8 9 11 13 14 15 16 17 18 19 22 23 25 26 27 28 29 30 33 34 38 39} accuracy is: 72.1%
Using features {0 1 2 4 5 7 8 9 11 13 14 15 16 17 18 19 22 23 25 26 27 28 29 30 33 35 38 39} accuracy is: 72.4%
Using features {0 1 2 4 5 7 8 9 11 13 14 15 16 17 18 19 22 23 25 26 27 28 29 30 34 35 38 39} accuracy is: 73.6%
Using features {0 1 2 4 5 7 8 9 11 13 14 15 16 17 18 19 22 23 25 26 27 28 29 33 34 35 38 39} accuracy is: 73.3%
Using features {0 1 2 4 5 7 8 9 11 13 14 15 16 17 18 19 22 23 25 26 27 28 30 33 34 35 38 39} accuracy is: 71.5%
Using features {0 1 2 4 5 7 8 9 11 13 14 15 16 17 18 19 22 23 25 26 27 29 30 33 34 35 38 39} accuracy is: 73.3%
Using features {0 1 2 4 5 7 8 9 11 13 14 15 16 17 18 19 22 23 25 26 28 29 30 33 34 35 38 39} accuracy is: 71.7%
Using features {0 1 2 4 5 7 8 9 11 13 14 15 16 17 18 19 22 23 25 27 28 29 30 33 34 35 38 39} accuracy is: 72.9%
Using features {0 1 2 4 5 7 8 9 11 13 14 15 16 17 18 19 22 23 26 27 28 29 30 33 34 35 38 39} accuracy is: 73.7%
Using features {0 1 2 4 5 7 8 9 11 13 14 15 16 17 18 19 22 25 26 27 28 29 30 33 34 35 38 39} accuracy is: 71.1%
Using features {0 1 2 4 5 7 8 9 11 13 14 15 16 17 18 19 23 25 26 27 28 29 30 33 34 35 38 39} accuracy is: 74%
Using features {0 1 2 4 5 7 8 9 11 13 14 15 16 17 18 22 23 25 26 27 28 29 30 33 34 35 38 39} accuracy is: 71.3%
Using features {0 1 2 4 5 7 8 9 11 13 14 15 16 17 19 22 23 25 26 27 28 29 30 33 34 35 38 39} accuracy is: 72.4%
Using features {0 1 2 4 5 7 8 9 11 13 14 15 16 18 19 22 23 25 26 27 28 29 30 33 34 35 38 39} accuracy is: 72.3%
Using features {0 1 2 4 5 7 8 9 11 13 14 15 17 18 19 22 23 25 26 27 28 29 30 33 34 35 38 39} accuracy is: 71.8%
Using features {0 1 2 4 5 7 8 9 11 13 14 16 17 18 19 22 23 25 26 27 28 29 30 33 34 35 38 39} accuracy is: 71.8%
Using features {0 1 2 4 5 7 8 9 11 13 15 16 17 18 19 22 23 25 26 27 28 29 30 33 34 35 38 39} accuracy is: 73.8%
Using features {0 1 2 4 5 7 8 9 11 14 15 16 17 18 19 22 23 25 26 27 28 29 30 33 34 35 38 39} accuracy is: 72.7%
Using features {0 1 2 4 5 7 8 9 13 14 15 16 17 18 19 22 23 25 26 27 28 29 30 33 34 35 38 39} accuracy is: 70.8%
Using features {0 1 2 4 5 7 8 11 13 14 15 16 17 18 19 22 23 25 26 27 28 29 30 33 34 35 38 39} accuracy is: 72%
Using features {0 1 2 4 5 7 9 11 13 14 15 16 17 18 19 22 23 25 26 27 28 29 30 33 34 35 38 39} accuracy is: 72.8%
Using features {0 1 2 4 5 8 9 11 13 14 15 16 17 18 19 22 23 25 26 27 28 29 30 33 34 35 38 39} accuracy is: 74.1%
Using features {0 1 2 4 7 8 9 11 13 14 15 16 17 18 19 22 23 25 26 27 28 29 30 33 34 35 38 39} accuracy is: 72.2%
Using features {0 1 2 5 7 8 9 11 13 14 15 16 17 18 19 22 23 25 26 27 28 29 30 33 34 35 38 39} accuracy is: 72.3%
Using features {0 1 4 5 7 8 9 11 13 14 15 16 17 18 19 22 23 25 26 27 28 29 30 33 34 35 38 39} accuracy is: 72.7%
Using features {0 2 4 5 7 8 9 11 13 14 15 16 17 18 19 22 23 25 26 27 28 29 30 33 34 35 38 39} accuracy is: 73.8%
Using features {1 2 4 5 7 8 9 11 13 14 15 16 17 18 19 22 23 25 26 27 28 29 30 33 34 35 38 39} accuracy is: 73.3%

Best subset this round: Using features {39 38 35 34 33 30 29 28 27 26 25 23 22 19 18 17 16 15 14 13 11 9 8 5 4 2 1 0} accuracy is: 74.1%

Using features {0 1 2 4 5 8 9 11 13 14 15 16 17 18 19 22 23 25 26 27 28 29 30 33 34 35 38} accuracy is: 71.7%
Using features {0 1 2 4 5 8 9 11 13 14 15 16 17 18 19 22 23 25 26 27 28 29 30 33 34 35 39} accuracy is: 73.8%
Using features {0 1 2 4 5 8 9 11 13 14 15 16 17 18 19 22 23 25 26 27 28 29 30 33 34 38 39} accuracy is: 71.7%
Using features {0 1 2 4 5 8 9 11 13 14 15 16 17 18 19 22 23 25 26 27 28 29 30 33 35 38 39} accuracy is: 72.4%
Using features {0 1 2 4 5 8 9 11 13 14 15 16 17 18 19 22 23 25 26 27 28 29 30 34 35 38 39} accuracy is: 72.4%
Using features {0 1 2 4 5 8 9 11 13 14 15 16 17 18 19 22 23 25 26 27 28 29 33 34 35 38 39} accuracy is: 73.3%
Using features {0 1 2 4 5 8 9 11 13 14 15 16 17 18 19 22 23 25 26 27 28 30 33 34 35 38 39} accuracy is: 71.1%
Using features {0 1 2 4 5 8 9 11 13 14 15 16 17 18 19 22 23 25 26 27 29 30 33 34 35 38 39} accuracy is: 72.7%
Using features {0 1 2 4 5 8 9 11 13 14 15 16 17 18 19 22 23 25 26 28 29 30 33 34 35 38 39} accuracy is: 70.9%
Using features {0 1 2 4 5 8 9 11 13 14 15 16 17 18 19 22 23 25 27 28 29 30 33 34 35 38 39} accuracy is: 72.9%
Using features {0 1 2 4 5 8 9 11 13 14 15 16 17 18 19 22 23 26 27 28 29 30 33 34 35 38 39} accuracy is: 74.2%
Using features {0 1 2 4 5 8 9 11 13 14 15 16 17 18 19 22 25 26 27 28 29 30 33 34 35 38 39} accuracy is: 71.6%
Using features {0 1 2 4 5 8 9 11 13 14 15 16 17 18 19 23 25 26 27 28 29 30 33 34 35 38 39} accuracy is: 73.7%
Using features {0 1 2 4 5 8 9 11 13 14 15 16 17 18 22 23 25 26 27 28 29 30 33 34 35 38 39} accuracy is: 70.6%
Using features {0 1 2 4 5 8 9 11 13 14 15 16 17 19 22 23 25 26 27 28 29 30 33 34 35 38 39} accuracy is: 72.8%
Using features {0 1 2 4 5 8 9 11 13 14 15 16 18 19 22 23 25 26 27 28 29 30 33 34 35 38 39} accuracy is: 73.9%
Using features {0 1 2 4 5 8 9 11 13 14 15 17 18 19 22 23 25 26 27 28 29 30 33 34 35 38 39} accuracy is: 71.7%
Using features {0 1 2 4 5 8 9 11 13 14 16 17 18 19 22 23 25 26 27 28 29 30 33 34 35 38 39} accuracy is: 71.8%
Using features {0 1 2 4 5 8 9 11 13 15 16 17 18 19 22 23 25 26 27 28 29 30 33 34 35 38 39} accuracy is: 72.4%
Using features {0 1 2 4 5 8 9 11 14 15 16 17 18 19 22 23 25 26 27 28 29 30 33 34 35 38 39} accuracy is: 72.3%
Using features {0 1 2 4 5 8 9 13 14 15 16 17 18 19 22 23 25 26 27 28 29 30 33 34 35 38 39} accuracy is: 71.6%
Using features {0 1 2 4 5 8 11 13 14 15 16 17 18 19 22 23 25 26 27 28 29 30 33 34 35 38 39} accuracy is: 71.2%
Using features {0 1 2 4 5 9 11 13 14 15 16 17 18 19 22 23 25 26 27 28 29 30 33 34 35 38 39} accuracy is: 72.8%
Using features {0 1 2 4 8 9 11 13 14 15 16 17 18 19 22 23 25 26 27 28 29 30 33 34 35 38 39} accuracy is: 71.9%
Using features {0 1 2 5 8 9 11 13 14 15 16 17 18 19 22 23 25 26 27 28 29 30 33 34 35 38 39} accuracy is: 72.3%
Using features {0 1 4 5 8 9 11 13 14 15 16 17 18 19 22 23 25 26 27 28 29 30 33 34 35 38 39} accuracy is: 72.4%
Using features {0 2 4 5 8 9 11 13 14 15 16 17 18 19 22 23 25 26 27 28 29 30 33 34 35 38 39} accuracy is: 74.8%
Using features {1 2 4 5 8 9 11 13 14 15 16 17 18 19 22 23 25 26 27 28 29 30 33 34 35 38 39} accuracy is: 73.5%

Best subset this round: Using features {39 38 35 34 33 30 29 28 27 26 25 23 22 19 18 17 16 15 14 13 11 9 8 5 4 2 0} accuracy is: 74.8%

Using features {0 2 4 5 8 9 11 13 14 15 16 17 18 19 22 23 25 26 27 28 29 30 33 34 35 38} accuracy is: 71%
Using features {0 2 4 5 8 9 11 13 14 15 16 17 18 19 22 23 25 26 27 28 29 30 33 34 35 39} accuracy is: 74%
Using features {0 2 4 5 8 9 11 13 14 15 16 17 18 19 22 23 25 26 27 28 29 30 33 34 38 39} accuracy is: 73.2%
Using features {0 2 4 5 8 9 11 13 14 15 16 17 18 19 22 23 25 26 27 28 29 30 33 35 38 39} accuracy is: 72.9%
Using features {0 2 4 5 8 9 11 13 14 15 16 17 18 19 22 23 25 26 27 28 29 30 34 35 38 39} accuracy is: 72.8%
Using features {0 2 4 5 8 9 11 13 14 15 16 17 18 19 22 23 25 26 27 28 29 33 34 35 38 39} accuracy is: 73.8%
Using features {0 2 4 5 8 9 11 13 14 15 16 17 18 19 22 23 25 26 27 28 30 33 34 35 38 39} accuracy is: 73.1%
Using features {0 2 4 5 8 9 11 13 14 15 16 17 18 19 22 23 25 26 27 29 30 33 34 35 38 39} accuracy is: 73.4%
Using features {0 2 4 5 8 9 11 13 14 15 16 17 18 19 22 23 25 26 28 29 30 33 34 35 38 39} accuracy is: 72.5%
Using features {0 2 4 5 8 9 11 13 14 15 16 17 18 19 22 23 25 27 28 29 30 33 34 35 38 39} accuracy is: 73.3%
Using features {0 2 4 5 8 9 11 13 14 15 16 17 18 19 22 23 26 27 28 29 30 33 34 35 38 39} accuracy is: 73.4%
Using features {0 2 4 5 8 9 11 13 14 15 16 17 18 19 22 25 26 27 28 29 30 33 34 35 38 39} accuracy is: 72.2%
Using features {0 2 4 5 8 9 11 13 14 15 16 17 18 19 23 25 26 27 28 29 30 33 34 35 38 39} accuracy is: 73.9%
Using features {0 2 4 5 8 9 11 13 14 15 16 17 18 22 23 25 26 27 28 29 30 33 34 35 38 39} accuracy is: 73%
Using features {0 2 4 5 8 9 11 13 14 15 16 17 19 22 23 25 26 27 28 29 30 33 34 35 38 39} accuracy is: 72.4%
Using features {0 2 4 5 8 9 11 13 14 15 16 18 19 22 23 25 26 27 28 29 30 33 34 35 38 39} accuracy is: 74.6%
Using features {0 2 4 5 8 9 11 13 14 15 17 18 19 22 23 25 26 27 28 29 30 33 34 35 38 39} accuracy is: 72.7%
Using features {0 2 4 5 8 9 11 13 14 16 17 18 19 22 23 25 26 27 28 29 30 33 34 35 38 39} accuracy is: 71.7%
Using features {0 2 4 5 8 9 11 13 15 16 17 18 19 22 23 25 26 27 28 29 30 33 34 35 38 39} accuracy is: 71.9%
Using features {0 2 4 5 8 9 11 14 15 16 17 18 19 22 23 25 26 27 28 29 30 33 34 35 38 39} accuracy is: 72.2%
Using features {0 2 4 5 8 9 13 14 15 16 17 18 19 22 23 25 26 27 28 29 30 33 34 35 38 39} accuracy is: 72.5%
Using features {0 2 4 5 8 11 13 14 15 16 17 18 19 22 23 25 26 27 28 29 30 33 34 35 38 39} accuracy is: 71.2%
Using features {0 2 4 5 9 11 13 14 15 16 17 18 19 22 23 25 26 27 28 29 30 33 34 35 38 39} accuracy is: 72.6%
Using features {0 2 4 8 9 11 13 14 15 16 17 18 19 22 23 25 26 27 28 29 30 33 34 35 38 39} accuracy is: 72.2%
Using features {0 2 5 8 9 11 13 14 15 16 17 18 19 22 23 25 26 27 28 29 30 33 34 35 38 39} accuracy is: 72.5%
Using features {0 4 5 8 9 11 13 14 15 16 17 18 19 22 23 25 26 27 28 29 30 33 34 35 38 39} accuracy is: 72.6%
Using features {2 4 5 8 9 11 13 14 15 16 17 18 19 22 23 25 26 27 28 29 30 33 34 35 38 39} accuracy is: 74.2%

Best subset this round: Using features {39 38 35 34 33 30 29 28 27 26 25 23 22 19 18 16 15 14 13 11 9 8 5 4 2 0} accuracy is: 74.6%

Using features {0 2 4 5 8 9 11 13 14 15 16 18 19 22 23 25 26 27 28 29 30 33 34 35 38} accuracy is: 72%
Using features {0 2 4 5 8 9 11 13 14 15 16 18 19 22 23 25 26 27 28 29 30 33 34 35 39} accuracy is: 74.3%
Using features {0 2 4 5 8 9 11 13 14 15 16 18 19 22 23 25 26 27 28 29 30 33 34 38 39} accuracy is: 73.6%
Using features {0 2 4 5 8 9 11 13 14 15 16 18 19 22 23 25 26 27 28 29 30 33 35 38 39} accuracy is: 71.9%
Using features {0 2 4 5 8 9 11 13 14 15 16 18 19 22 23 25 26 27 28 29 30 34 35 38 39} accuracy is: 72.4%
Using features {0 2 4 5 8 9 11 13 14 15 16 18 19 22 23 25 26 27 28 29 33 34 35 38 39} accuracy is: 74.2%
Using features {0 2 4 5 8 9 11 13 14 15 16 18 19 22 23 25 26 27 28 30 33 34 35 38 39} accuracy is: 73.7%
Using features {0 2 4 5 8 9 11 13 14 15 16 18 19 22 23 25 26 27 29 30 33 34 35 38 39} accuracy is: 72.7%
Using features {0 2 4 5 8 9 11 13 14 15 16 18 19 22 23 25 26 28 29 30 33 34 35 38 39} accuracy is: 73%
Using features {0 2 4 5 8 9 11 13 14 15 16 18 19 22 23 25 27 28 29 30 33 34 35 38 39} accuracy is: 72.1%
Using features {0 2 4 5 8 9 11 13 14 15 16 18 19 22 23 26 27 28 29 30 33 34 35 38 39} accuracy is: 73.5%
Using features {0 2 4 5 8 9 11 13 14 15 16 18 19 22 25 26 27 28 29 30 33 34 35 38 39} accuracy is: 72.9%
Using features {0 2 4 5 8 9 11 13 14 15 16 18 19 23 25 26 27 28 29 30 33 34 35 38 39} accuracy is: 73.7%
Using features {0 2 4 5 8 9 11 13 14 15 16 18 22 23 25 26 27 28 29 30 33 34 35 38 39} accuracy is: 72.1%
Using features {0 2 4 5 8 9 11 13 14 15 16 19 22 23 25 26 27 28 29 30 33 34 35 38 39} accuracy is: 72.9%
Using features {0 2 4 5 8 9 11 13 14 15 18 19 22 23 25 26 27 28 29 30 33 34 35 38 39} accuracy is: 72.6%
Using features {0 2 4 5 8 9 11 13 14 16 18 19 22 23 25 26 27 28 29 30 33 34 35 38 39} accuracy is: 72.2%
Using features {0 2 4 5 8 9 11 13 15 16 18 19 22 23 25 26 27 28 29 30 33 34 35 38 39} accuracy is: 73.3%
Using features {0 2 4 5 8 9 11 14 15 16 18 19 22 23 25 26 27 28 29 30 33 34 35 38 39} accuracy is: 73.3%
Using features {0 2 4 5 8 9 13 14 15 16 18 19 22 23 25 26 27 28 29 30 33 34 35 38 39} accuracy is: 71.3%
Using features {0 2 4 5 8 11 13 14 15 16 18 19 22 23 25 26 27 28 29 30 33 34 35 38 39} accuracy is: 72.2%
Using features {0 2 4 5 9 11 13 14 15 16 18 19 22 23 25 26 27 28 29 30 33 34 35 38 39} accuracy is: 72.2%
Using features {0 2 4 8 9 11 13 14 15 16 18 19 22 23 25 26 27 28 29 30 33 34 35 38 39} accuracy is: 72.5%
Using features {0 2 5 8 9 11 13 14 15 16 18 19 22 23 25 26 27 28 29 30 33 34 35 38 39} accuracy is: 71.7%
Using features {0 4 5 8 9 11 13 14 15 16 18 19 22 23 25 26 27 28 29 30 33 34 35 38 39} accuracy is: 72.8%
Using features {2 4 5 8 9 11 13 14 15 16 18 19 22 23 25 26 27 28 29 30 33 34 35 38 39} accuracy is: 74.3%

Best subset this round: Using features {39 35 34 33 30 29 28 27 26 25 23 22 19 18 16 15 14 13 11 9 8 5 4 2 0} accuracy is: 74.3%

Using features {0 2 4 5 8 9 11 13 14 15 16 18 19 22 23 25 26 27 28 29 30 33 34 35} accuracy is: 72.6%
Using features {0 2 4 5 8 9 11 13 14 15 16 18 19 22 23 25 26 27 28 29 30 33 34 39} accuracy is: 73%
Using features {0 2 4 5 8 9 11 13 14 15 16 18 19 22 23 25 26 27 28 29 30 33 35 39} accuracy is: 72.5%
Using features {0 2 4 5 8 9 11 13 14 15 16 18 19 22 23 25 26 27 28 29 30 34 35 39} accuracy is: 72.4%
Using features {0 2 4 5 8 9 11 13 14 15 16 18 19 22 23 25 26 27 28 29 33 34 35 39} accuracy is: 73.8%
Using features {0 2 4 5 8 9 11 13 14 15 16 18 19 22 23 25 26 27 28 30 33 34 35 39} accuracy is: 73.9%
Using features {0 2 4 5 8 9 11 13 14 15 16 18 19 22 23 25 26 27 29 30 33 34 35 39} accuracy is: 73.9%
Using features {0 2 4 5 8 9 11 13 14 15 16 18 19 22 23 25 26 28 29 30 33 34 35 39} accuracy is: 73%
Using features {0 2 4 5 8 9 11 13 14 15 16 18 19 22 23 25 27 28 29 30 33 34 35 39} accuracy is: 72.4%
Using features {0 2 4 5 8 9 11 13 14 15 16 18 19 22 23 26 27 28 29 30 33 34 35 39} accuracy is: 73.3%
Using features {0 2 4 5 8 9 11 13 14 15 16 18 19 22 25 26 27 28 29 30 33 34 35 39} accuracy is: 73.2%
Using features {0 2 4 5 8 9 11 13 14 15 16 18 19 23 25 26 27 28 29 30 33 34 35 39} accuracy is: 73.7%
Using features {0 2 4 5 8 9 11 13 14 15 16 18 22 23 25 26 27 28 29 30 33 34 35 39} accuracy is: 73%
Using features {0 2 4 5 8 9 11 13 14 15 16 19 22 23 25 26 27 28 29 30 33 34 35 39} accuracy is: 72.9%
Using features {0 2 4 5 8 9 11 13 14 15 18 19 22 23 25 26 27 28 29 30 33 34 35 39} accuracy is: 71%
Using features {0 2 4 5 8 9 11 13 14 16 18 19 22 23 25 26 27 28 29 30 33 34 35 39} accuracy is: 72.1%
Using features {0 2 4 5 8 9 11 13 15 16 18 19 22 23 25 26 27 28 29 30 33 34 35 39} accuracy is: 73.1%
Using features {0 2 4 5 8 9 11 14 15 16 18 19 22 23 25 26 27 28 29 30 33 34 35 39} accuracy is: 73.7%
Using features {0 2 4 5 8 9 13 14 15 16 18 19 22 23 25 26 27 28 29 30 33 34 35 39} accuracy is: 70.4%
Using features {0 2 4 5 8 11 13 14 15 16 18 19 22 23 25 26 27 28 29 30 33 34 35 39} accuracy is: 73.5%
Using features {0 2 4 5 9 11 13 14 15 16 18 19 22 23 25 26 27 28 29 30 33 34 35 39} accuracy is: 72.1%
Using features {0 2 4 8 9 11 13 14 15 16 18 19 22 23 25 26 27 28 29 30 33 34 35 39} accuracy is: 72.4%
Using features {0 2 5 8 9 11 13 14 15 16 18 19 22 23 25 26 27 28 29 30 33 34 35 39} accuracy is: 71.4%
Using features {0 4 5 8 9 11 13 14 15 16 18 19 22 23 25 26 27 28 29 30 33 34 35 39} accuracy is: 73%
Using features {2 4 5 8 9 11 13 14 15 16 18 19 22 23 25 26 27 28 29 30 33 34 35 39} accuracy is: 74.9%

Best subset this round: Using features {39 35 34 33 30 29 28 27 26 25 23 22 19 18 16 15 14 13 11 9 8 5 4 2} accuracy is: 74.9%

Using features {2 4 5 8 9 11 13 14 15 16 18 19 22 23 25 26 27 28 29 30 33 34 35} accuracy is: 73.7%
Using features {2 4 5 8 9 11 13 14 15 16 18 19 22 23 25 26 27 28 29 30 33 34 39} accuracy is: 73%
Using features {2 4 5 8 9 11 13 14 15 16 18 19 22 23 25 26 27 28 29 30 33 35 39} accuracy is: 73%
Using features {2 4 5 8 9 11 13 14 15 16 18 19 22 23 25 26 27 28 29 30 34 35 39} accuracy is: 74.5%
Using features {2 4 5 8 9 11 13 14 15 16 18 19 22 23 25 26 27 28 29 33 34 35 39} accuracy is: 75.5%
Using features {2 4 5 8 9 11 13 14 15 16 18 19 22 23 25 26 27 28 30 33 34 35 39} accuracy is: 73.6%
Using features {2 4 5 8 9 11 13 14 15 16 18 19 22 23 25 26 27 29 30 33 34 35 39} accuracy is: 74.6%
Using features {2 4 5 8 9 11 13 14 15 16 18 19 22 23 25 26 28 29 30 33 34 35 39} accuracy is: 73.1%
Using features {2 4 5 8 9 11 13 14 15 16 18 19 22 23 25 27 28 29 30 33 34 35 39} accuracy is: 74%
Using features {2 4 5 8 9 11 13 14 15 16 18 19 22 23 26 27 28 29 30 33 34 35 39} accuracy is: 74%
Using features {2 4 5 8 9 11 13 14 15 16 18 19 22 25 26 27 28 29 30 33 34 35 39} accuracy is: 75.1%
Using features {2 4 5 8 9 11 13 14 15 16 18 19 23 25 26 27 28 29 30 33 34 35 39} accuracy is: 73.4%
Using features {2 4 5 8 9 11 13 14 15 16 18 22 23 25 26 27 28 29 30 33 34 35 39} accuracy is: 73.2%
Using features {2 4 5 8 9 11 13 14 15 16 19 22 23 25 26 27 28 29 30 33 34 35 39} accuracy is: 75.2%
Using features {2 4 5 8 9 11 13 14 15 18 19 22 23 25 26 27 28 29 30 33 34 35 39} accuracy is: 72.3%
Using features {2 4 5 8 9 11 13 14 16 18 19 22 23 25 26 27 28 29 30 33 34 35 39} accuracy is: 72.5%
Using features {2 4 5 8 9 11 13 15 16 18 19 22 23 25 26 27 28 29 30 33 34 35 39} accuracy is: 73.8%
Using features {2 4 5 8 9 11 14 15 16 18 19 22 23 25 26 27 28 29 30 33 34 35 39} accuracy is: 74%
Using features {2 4 5 8 9 13 14 15 16 18 19 22 23 25 26 27 28 29 30 33 34 35 39} accuracy is: 71.1%
Using features {2 4 5 8 11 13 14 15 16 18 19 22 23 25 26 27 28 29 30 33 34 35 39} accuracy is: 73.4%
Using features {2 4 5 9 11 13 14 15 16 18 19 22 23 25 26 27 28 29 30 33 34 35 39} accuracy is: 72.8%
Using features {2 4 8 9 11 13 14 15 16 18 19 22 23 25 26 27 28 29 30 33 34 35 39} accuracy is: 73.2%
Using features {2 5 8 9 11 13 14 15 16 18 19 22 23 25 26 27 28 29 30 33 34 35 39} accuracy is: 72.9%
Using features {4 5 8 9 11 13 14 15 16 18 19 22 23 25 26 27 28 29 30 33 34 35 39} accuracy is: 74.9%

Best subset this round: Using features {39 35 34 33 29 28 27 26 25 23 22 19 18 16 15 14 13 11 9 8 5 4 2} accuracy is: 75.5%

Using features {2 4 5 8 9 11 13 14 15 16 18 19 22 23 25 26 27 28 29 33 34 35} accuracy is: 73.8%
Using features {2 4 5 8 9 11 13 14 15 16 18 19 22 23 25 26 27 28 29 33 34 39} accuracy is: 73.6%
Using features {2 4 5 8 9 11 13 14 15 16 18 19 22 23 25 26 27 28 29 33 35 39} accuracy is: 74.6%
Using features {2 4 5 8 9 11 13 14 15 16 18 19 22 23 25 26 27 28 29 34 35 39} accuracy is: 74.7%
Using features {2 4 5 8 9 11 13 14 15 16 18 19 22 23 25 26 27 28 33 34 35 39} accuracy is: 73.5%
Using features {2 4 5 8 9 11 13 14 15 16 18 19 22 23 25 26 27 29 33 34 35 39} accuracy is: 73.3%
Using features {2 4 5 8 9 11 13 14 15 16 18 19 22 23 25 26 28 29 33 34 35 39} accuracy is: 74.1%
Using features {2 4 5 8 9 11 13 14 15 16 18 19 22 23 25 27 28 29 33 34 35 39} accuracy is: 72.5%
Using features {2 4 5 8 9 11 13 14 15 16 18 19 22 23 26 27 28 29 33 34 35 39} accuracy is: 75.8%
Using features {2 4 5 8 9 11 13 14 15 16 18 19 22 25 26 27 28 29 33 34 35 39} accuracy is: 73.1%
Using features {2 4 5 8 9 11 13 14 15 16 18 19 23 25 26 27 28 29 33 34 35 39} accuracy is: 74.9%
Using features {2 4 5 8 9 11 13 14 15 16 18 22 23 25 26 27 28 29 33 34 35 39} accuracy is: 72.7%
Using features {2 4 5 8 9 11 13 14 15 16 19 22 23 25 26 27 28 29 33 34 35 39} accuracy is: 73.3%
Using features {2 4 5 8 9 11 13 14 15 18 19 22 23 25 26 27 28 29 33 34 35 39} accuracy is: 73.4%
Using features {2 4 5 8 9 11 13 14 16 18 19 22 23 25 26 27 28 29 33 34 35 39} accuracy is: 73.4%
Using features {2 4 5 8 9 11 13 15 16 18 19 22 23 25 26 27 28 29 33 34 35 39} accuracy is: 74.1%
Using features {2 4 5 8 9 11 14 15 16 18 19 22 23 25 26 27 28 29 33 34 35 39} accuracy is: 74.2%
Using features {2 4 5 8 9 13 14 15 16 18 19 22 23 25 26 27 28 29 33 34 35 39} accuracy is: 72.7%
Using features {2 4 5 8 11 13 14 15 16 18 19 22 23 25 26 27 28 29 33 34 35 39} accuracy is: 73.8%
Using features {2 4 5 9 11 13 14 15 16 18 19 22 23 25 26 27 28 29 33 34 35 39} accuracy is: 72.2%
Using features {2 4 8 9 11 13 14 15 16 18 19 22 23 25 26 27 28 29 33 34 35 39} accuracy is: 73.4%
Using features {2 5 8 9 11 13 14 15 16 18 19 22 23 25 26 27 28 29 33 34 35 39} accuracy is: 74.3%
Using features {4 5 8 9 11 13 14 15 16 18 19 22 23 25 26 27 28 29 33 34 35 39} accuracy is: 75.3%

Best subset this round: Using features {39 35 34 33 29 28 27 26 23 22 19 18 16 15 14 13 11 9 8 5 4 2} accuracy is: 75.8%

Using features {2 4 5 8 9 11 13 14 15 16 18 19 22 23 26 27 28 29 33 34 35} accuracy is: 74.8%
Using features {2 4 5 8 9 11 13 14 15 16 18 19 22 23 26 27 28 29 33 34 39} accuracy is: 73%
Using features {2 4 5 8 9 11 13 14 15 16 18 19 22 23 26 27 28 29 33 35 39} accuracy is: 74.6%
Using features {2 4 5 8 9 11 13 14 15 16 18 19 22 23 26 27 28 29 34 35 39} accuracy is: 75.1%
Using features {2 4 5 8 9 11 13 14 15 16 18 19 22 23 26 27 28 33 34 35 39} accuracy is: 74.4%
Using features {2 4 5 8 9 11 13 14 15 16 18 19 22 23 26 27 29 33 34 35 39} accuracy is: 74.5%
Using features {2 4 5 8 9 11 13 14 15 16 18 19 22 23 26 28 29 33 34 35 39} accuracy is: 74.1%
Using features {2 4 5 8 9 11 13 14 15 16 18 19 22 23 27 28 29 33 34 35 39} accuracy is: 73.6%
Using features {2 4 5 8 9 11 13 14 15 16 18 19 22 26 27 28 29 33 34 35 39} accuracy is: 74%
Using features {2 4 5 8 9 11 13 14 15 16 18 19 23 26 27 28 29 33 34 35 39} accuracy is: 74.5%
Using features {2 4 5 8 9 11 13 14 15 16 18 22 23 26 27 28 29 33 34 35 39} accuracy is: 73.3%
Using features {2 4 5 8 9 11 13 14 15 16 19 22 23 26 27 28 29 33 34 35 39} accuracy is: 73.6%
Using features {2 4 5 8 9 11 13 14 15 18 19 22 23 26 27 28 29 33 34 35 39} accuracy is: 74.4%
Using features {2 4 5 8 9 11 13 14 16 18 19 22 23 26 27 28 29 33 34 35 39} accuracy is: 71.8%
Using features {2 4 5 8 9 11 13 15 16 18 19 22 23 26 27 28 29 33 34 35 39} accuracy is: 75.4%
Using features {2 4 5 8 9 11 14 15 16 18 19 22 23 26 27 28 29 33 34 35 39} accuracy is: 73.4%
Using features {2 4 5 8 9 13 14 15 16 18 19 22 23 26 27 28 29 33 34 35 39} accuracy is: 73.8%
Using features {2 4 5 8 11 13 14 15 16 18 19 22 23 26 27 28 29 33 34 35 39} accuracy is: 74.2%
Using features {2 4 5 9 11 13 14 15 16 18 19 22 23 26 27 28 29 33 34 35 39} accuracy is: 73.8%
Using features {2 4 8 9 11 13 14 15 16 18 19 22 23 26 27 28 29 33 34 35 39} accuracy is: 73.3%
Using features {2 5 8 9 11 13 14 15 16 18 19 22 23 26 27 28 29 33 34 35 39} accuracy is: 75%
Using features {4 5 8 9 11 13 14 15 16 18 19 22 23 26 27 28 29 33 34 35 39} accuracy is: 74.9%

Best subset this round: Using features {39 35 34 33 29 28 27 26 23 22 19 18 16 15 13 11 9 8 5 4 2} accuracy is: 75.4%

Using features {2 4 5 8 9 11 13 15 16 18 19 22 23 26 27 28 29 33 34 35} accuracy is: 74.8%
Using features {2 4 5 8 9 11 13 15 16 18 19 22 23 26 27 28 29 33 34 39} accuracy is: 73%
Using features {2 4 5 8 9 11 13 15 16 18 19 22 23 26 27 28 29 33 35 39} accuracy is: 73.3%
Using features {2 4 5 8 9 11 13 15 16 18 19 22 23 26 27 28 29 34 35 39} accuracy is: 75.1%
Using features {2 4 5 8 9 11 13 15 16 18 19 22 23 26 27 28 33 34 35 39} accuracy is: 73.3%
Using features {2 4 5 8 9 11 13 15 16 18 19 22 23 26 27 29 33 34 35 39} accuracy is: 73.9%
Using features {2 4 5 8 9 11 13 15 16 18 19 22 23 26 28 29 33 34 35 39} accuracy is: 73.8%
Using features {2 4 5 8 9 11 13 15 16 18 19 22 23 27 28 29 33 34 35 39} accuracy is: 73.8%
Using features {2 4 5 8 9 11 13 15 16 18 19 22 26 27 28 29 33 34 35 39} accuracy is: 73.9%
Using features {2 4 5 8 9 11 13 15 16 18 19 23 26 27 28 29 33 34 35 39} accuracy is: 75.8%
Using features {2 4 5 8 9 11 13 15 16 18 22 23 26 27 28 29 33 34 35 39} accuracy is: 73.1%
Using features {2 4 5 8 9 11 13 15 16 19 22 23 26 27 28 29 33 34 35 39} accuracy is: 74%
Using features {2 4 5 8 9 11 13 15 18 19 22 23 26 27 28 29 33 34 35 39} accuracy is: 73.1%
Using features {2 4 5 8 9 11 13 16 18 19 22 23 26 27 28 29 33 34 35 39} accuracy is: 73.1%
Using features {2 4 5 8 9 11 15 16 18 19 22 23 26 27 28 29 33 34 35 39} accuracy is: 73.7%
Using features {2 4 5 8 9 13 15 16 18 19 22 23 26 27 28 29 33 34 35 39} accuracy is: 73.1%
Using features {2 4 5 8 11 13 15 16 18 19 22 23 26 27 28 29 33 34 35 39} accuracy is: 74.5%
Using features {2 4 5 9 11 13 15 16 18 19 22 23 26 27 28 29 33 34 35 39} accuracy is: 73.5%
Using features {2 4 8 9 11 13 15 16 18 19 22 23 26 27 28 29 33 34 35 39} accuracy is: 74.4%
Using features {2 5 8 9 11 13 15 16 18 19 22 23 26 27 28 29 33 34 35 39} accuracy is: 74.8%
Using features {4 5 8 9 11 13 15 16 18 19 22 23 26 27 28 29 33 34 35 39} accuracy is: 74.1%

Best subset this round: Using features {39 35 34 33 29 28 27 26 23 19 18 16 15 13 11 9 8 5 4 2} accuracy is: 75.8%

Using features {2 4 5 8 9 11 13 15 16 18 19 23 26 27 28 29 33 34 35} accuracy is: 75.2%
Using features {2 4 5 8 9 11 13 15 16 18 19 23 26 27 28 29 33 34 39} accuracy is: 74.4%
Using features {2 4 5 8 9 11 13 15 16 18 19 23 26 27 28 29 33 35 39} accuracy is: 76.3%
Using features {2 4 5 8 9 11 13 15 16 18 19 23 26 27 28 29 34 35 39} accuracy is: 75.3%
Using features {2 4 5 8 9 11 13 15 16 18 19 23 26 27 28 33 34 35 39} accuracy is: 73.6%
Using features {2 4 5 8 9 11 13 15 16 18 19 23 26 27 29 33 34 35 39} accuracy is: 75.3%
Using features {2 4 5 8 9 11 13 15 16 18 19 23 26 28 29 33 34 35 39} accuracy is: 73.4%
Using features {2 4 5 8 9 11 13 15 16 18 19 23 27 28 29 33 34 35 39} accuracy is: 74.8%
Using features {2 4 5 8 9 11 13 15 16 18 19 26 27 28 29 33 34 35 39} accuracy is: 75.9%
Using features {2 4 5 8 9 11 13 15 16 18 23 26 27 28 29 33 34 35 39} accuracy is: 72.5%
Using features {2 4 5 8 9 11 13 15 16 19 23 26 27 28 29 33 34 35 39} accuracy is: 74.7%
Using features {2 4 5 8 9 11 13 15 18 19 23 26 27 28 29 33 34 35 39} accuracy is: 73.8%
Using features {2 4 5 8 9 11 13 16 18 19 23 26 27 28 29 33 34 35 39} accuracy is: 72.3%
Using features {2 4 5 8 9 11 15 16 18 19 23 26 27 28 29 33 34 35 39} accuracy is: 74.6%
Using features {2 4 5 8 9 13 15 16 18 19 23 26 27 28 29 33 34 35 39} accuracy is: 75%
Using features {2 4 5 8 11 13 15 16 18 19 23 26 27 28 29 33 34 35 39} accuracy is: 74.7%
Using features {2 4 5 9 11 13 15 16 18 19 23 26 27 28 29 33 34 35 39} accuracy is: 75%
Using features {2 4 8 9 11 13 15 16 18 19 23 26 27 28 29 33 34 35 39} accuracy is: 75.6%
Using features {2 5 8 9 11 13 15 16 18 19 23 26 27 28 29 33 34 35 39} accuracy is: 75.4%
Using features {4 5 8 9 11 13 15 16 18 19 23 26 27 28 29 33 34 35 39} accuracy is: 75.7%

Best subset this round: Using features {39 35 33 29 28 27 26 23 19 18 16 15 13 11 9 8 5 4 2} accuracy is: 76.3%

Using features {2 4 5 8 9 11 13 15 16 18 19 23 26 27 28 29 33 35} accuracy is: 74.5%
Using features {2 4 5 8 9 11 13 15 16 18 19 23 26 27 28 29 33 39} accuracy is: 75.9%
Using features {2 4 5 8 9 11 13 15 16 18 19 23 26 27 28 29 35 39} accuracy is: 75.4%
Using features {2 4 5 8 9 11 13 15 16 18 19 23 26 27 28 33 35 39} accuracy is: 74.1%
Using features {2 4 5 8 9 11 13 15 16 18 19 23 26 27 29 33 35 39} accuracy is: 74.8%
Using features {2 4 5 8 9 11 13 15 16 18 19 23 26 28 29 33 35 39} accuracy is: 74.9%
Using features {2 4 5 8 9 11 13 15 16 18 19 23 27 28 29 33 35 39} accuracy is: 74.6%
Using features {2 4 5 8 9 11 13 15 16 18 19 26 27 28 29 33 35 39} accuracy is: 74.4%
Using features {2 4 5 8 9 11 13 15 16 18 23 26 27 28 29 33 35 39} accuracy is: 73.9%
Using features {2 4 5 8 9 11 13 15 16 19 23 26 27 28 29 33 35 39} accuracy is: 75.1%
Using features {2 4 5 8 9 11 13 15 18 19 23 26 27 28 29 33 35 39} accuracy is: 73%
Using features {2 4 5 8 9 11 13 16 18 19 23 26 27 28 29 33 35 39} accuracy is: 75.2%
Using features {2 4 5 8 9 11 15 16 18 19 23 26 27 28 29 33 35 39} accuracy is: 74.9%
Using features {2 4 5 8 9 13 15 16 18 19 23 26 27 28 29 33 35 39} accuracy is: 74.7%
Using features {2 4 5 8 11 13 15 16 18 19 23 26 27 28 29 33 35 39} accuracy is: 73.8%
Using features {2 4 5 9 11 13 15 16 18 19 23 26 27 28 29 33 35 39} accuracy is: 75.3%
Using features {2 4 8 9 11 13 15 16 18 19 23 26 27 28 29 33 35 39} accuracy is: 74.7%
Using features {2 5 8 9 11 13 15 16 18 19 23 26 27 28 29 33 35 39} accuracy is: 76.3%
Using features {4 5 8 9 11 13 15 16 18 19 23 26 27 28 29 33 35 39} accuracy is: 74.8%

Best subset this round: Using features {39 35 33 29 28 27 26 23 19 18 16 15 13 11 9 8 5 2} accuracy is: 76.3%

Using features {2 5 8 9 11 13 15 16 18 19 23 26 27 28 29 33 35} accuracy is: 76.2%
Using features {2 5 8 9 11 13 15 16 18 19 23 26 27 28 29 33 39} accuracy is: 74.5%
Using features {2 5 8 9 11 13 15 16 18 19 23 26 27 28 29 35 39} accuracy is: 74.3%
Using features {2 5 8 9 11 13 15 16 18 19 23 26 27 28 33 35 39} accuracy is: 74.4%
Using features {2 5 8 9 11 13 15 16 18 19 23 26 27 29 33 35 39} accuracy is: 75.6%
Using features {2 5 8 9 11 13 15 16 18 19 23 26 28 29 33 35 39} accuracy is: 74.8%
Using features {2 5 8 9 11 13 15 16 18 19 23 27 28 29 33 35 39} accuracy is: 74.3%
Using features {2 5 8 9 11 13 15 16 18 19 26 27 28 29 33 35 39} accuracy is: 75.8%
Using features {2 5 8 9 11 13 15 16 18 23 26 27 28 29 33 35 39} accuracy is: 76.2%
Using features {2 5 8 9 11 13 15 16 19 23 26 27 28 29 33 35 39} accuracy is: 75.4%
Using features {2 5 8 9 11 13 15 18 19 23 26 27 28 29 33 35 39} accuracy is: 74.9%
Using features {2 5 8 9 11 13 16 18 19 23 26 27 28 29 33 35 39} accuracy is: 75.5%
Using features {2 5 8 9 11 15 16 18 19 23 26 27 28 29 33 35 39} accuracy is: 74.3%
Using features {2 5 8 9 13 15 16 18 19 23 26 27 28 29 33 35 39} accuracy is: 76.6%
Using features {2 5 8 11 13 15 16 18 19 23 26 27 28 29 33 35 39} accuracy is: 73.3%
Using features {2 5 9 11 13 15 16 18 19 23 26 27 28 29 33 35 39} accuracy is: 74%
Using features {2 8 9 11 13 15 16 18 19 23 26 27 28 29 33 35 39} accuracy is: 75.1%
Using features {5 8 9 11 13 15 16 18 19 23 26 27 28 29 33 35 39} accuracy is: 74.3%

Best subset this round: Using features {39 35 33 29 28 27 26 23 19 18 16 15 13 9 8 5 2} accuracy is: 76.6%

Using features {2 5 8 9 13 15 16 18 19 23 26 27 28 29 33 35} accuracy is: 75.6%
Using features {2 5 8 9 13 15 16 18 19 23 26 27 28 29 33 39} accuracy is: 75.6%
Using features {2 5 8 9 13 15 16 18 19 23 26 27 28 29 35 39} accuracy is: 73.9%
Using features {2 5 8 9 13 15 16 18 19 23 26 27 28 33 35 39} accuracy is: 75.6%
Using features {2 5 8 9 13 15 16 18 19 23 26 27 29 33 35 39} accuracy is: 74.2%
Using features {2 5 8 9 13 15 16 18 19 23 26 28 29 33 35 39} accuracy is: 73.6%
Using features {2 5 8 9 13 15 16 18 19 23 27 28 29 33 35 39} accuracy is: 73.6%
Using features {2 5 8 9 13 15 16 18 19 26 27 28 29 33 35 39} accuracy is: 75.5%
Using features {2 5 8 9 13 15 16 18 23 26 27 28 29 33 35 39} accuracy is: 75.5%
Using features {2 5 8 9 13 15 16 19 23 26 27 28 29 33 35 39} accuracy is: 75%
Using features {2 5 8 9 13 15 18 19 23 26 27 28 29 33 35 39} accuracy is: 74.3%
Using features {2 5 8 9 13 16 18 19 23 26 27 28 29 33 35 39} accuracy is: 75.1%
Using features {2 5 8 9 15 16 18 19 23 26 27 28 29 33 35 39} accuracy is: 73.7%
Using features {2 5 8 13 15 16 18 19 23 26 27 28 29 33 35 39} accuracy is: 73.7%
Using features {2 5 9 13 15 16 18 19 23 26 27 28 29 33 35 39} accuracy is: 75.8%
Using features {2 8 9 13 15 16 18 19 23 26 27 28 29 33 35 39} accuracy is: 75%
Using features {5 8 9 13 15 16 18 19 23 26 27 28 29 33 35 39} accuracy is: 74.6%

Best subset this round: Using features {39 35 33 29 28 27 26 23 19 18 16 15 13 9 5 2} accuracy is: 75.8%

Using features {2 5 9 13 15 16 18 19 23 26 27 28 29 33 35} accuracy is: 76.1%
Using features {2 5 9 13 15 16 18 19 23 26 27 28 29 33 39} accuracy is: 73.3%
Using features {2 5 9 13 15 16 18 19 23 26 27 28 29 35 39} accuracy is: 76%
Using features {2 5 9 13 15 16 18 19 23 26 27 28 33 35 39} accuracy is: 74.8%
Using features {2 5 9 13 15 16 18 19 23 26 27 29 33 35 39} accuracy is: 74.9%
Using features {2 5 9 13 15 16 18 19 23 26 28 29 33 35 39} accuracy is: 74.2%
Using features {2 5 9 13 15 16 18 19 23 27 28 29 33 35 39} accuracy is: 74.3%
Using features {2 5 9 13 15 16 18 19 26 27 28 29 33 35 39} accuracy is: 75.9%
Using features {2 5 9 13 15 16 18 23 26 27 28 29 33 35 39} accuracy is: 75.2%
Using features {2 5 9 13 15 16 19 23 26 27 28 29 33 35 39} accuracy is: 74.9%
Using features {2 5 9 13 15 18 19 23 26 27 28 29 33 35 39} accuracy is: 73.4%
Using features {2 5 9 13 16 18 19 23 26 27 28 29 33 35 39} accuracy is: 75.2%
Using features {2 5 9 15 16 18 19 23 26 27 28 29 33 35 39} accuracy is: 75.1%
Using features {2 5 13 15 16 18 19 23 26 27 28 29 33 35 39} accuracy is: 74.6%
Using features {2 9 13 15 16 18 19 23 26 27 28 29 33 35 39} accuracy is: 74.5%
Using features {5 9 13 15 16 18 19 23 26 27 28 29 33 35 39} accuracy is: 75.2%

Best subset this round: Using features {35 33 29 28 27 26 23 19 18 16 15 13 9 5 2} accuracy is: 76.1%

Using features {2 5 9 13 15 16 18 19 23 26 27 28 29 33} accuracy is: 75.1%
Using features {2 5 9 13 15 16 18 19 23 26 27 28 29 35} accuracy is: 76.2%
Using features {2 5 9 13 15 16 18 19 23 26 27 28 33 35} accuracy is: 75.3%
Using features {2 5 9 13 15 16 18 19 23 26 27 29 33 35} accuracy is: 75.6%
Using features {2 5 9 13 15 16 18 19 23 26 28 29 33 35} accuracy is: 75.2%
Using features {2 5 9 13 15 16 18 19 23 27 28 29 33 35} accuracy is: 74.2%
Using features {2 5 9 13 15 16 18 19 26 27 28 29 33 35} accuracy is: 74.1%
Using features {2 5 9 13 15 16 18 23 26 27 28 29 33 35} accuracy is: 74.6%
Using features {2 5 9 13 15 16 19 23 26 27 28 29 33 35} accuracy is: 74.9%
Using features {2 5 9 13 15 18 19 23 26 27 28 29 33 35} accuracy is: 74.8%
Using features {2 5 9 13 16 18 19 23 26 27 28 29 33 35} accuracy is: 74.4%
Using features {2 5 9 15 16 18 19 23 26 27 28 29 33 35} accuracy is: 74.2%
Using features {2 5 13 15 16 18 19 23 26 27 28 29 33 35} accuracy is: 73.8%
Using features {2 9 13 15 16 18 19 23 26 27 28 29 33 35} accuracy is: 74.4%
Using features {5 9 13 15 16 18 19 23 26 27 28 29 33 35} accuracy is: 74.2%

Best subset this round: Using features {35 29 28 27 26 23 19 18 16 15 13 9 5 2} accuracy is: 76.2%

Using features {2 5 9 13 15 16 18 19 23 26 27 28 29} accuracy is: 75.5%
Using features {2 5 9 13 15 16 18 19 23 26 27 28 35} accuracy is: 74.7%
Using features {2 5 9 13 15 16 18 19 23 26 27 29 35} accuracy is: 75.1%
Using features {2 5 9 13 15 16 18 19 23 26 28 29 35} accuracy is: 76.1%
Using features {2 5 9 13 15 16 18 19 23 27 28 29 35} accuracy is: 73.8%
Using features {2 5 9 13 15 16 18 19 26 27 28 29 35} accuracy is: 74.9%
Using features {2 5 9 13 15 16 18 23 26 27 28 29 35} accuracy is: 74.6%
Using features {2 5 9 13 15 16 19 23 26 27 28 29 35} accuracy is: 75.7%
Using features {2 5 9 13 15 18 19 23 26 27 28 29 35} accuracy is: 72.8%
Using features {2 5 9 13 16 18 19 23 26 27 28 29 35} accuracy is: 75.1%
Using features {2 5 9 15 16 18 19 23 26 27 28 29 35} accuracy is: 75.1%
Using features {2 5 13 15 16 18 19 23 26 27 28 29 35} accuracy is: 73%
Using features {2 9 13 15 16 18 19 23 26 27 28 29 35} accuracy is: 74.8%
Using features {5 9 13 15 16 18 19 23 26 27 28 29 35} accuracy is: 74.2%

Best subset this round: Using features {35 29 28 26 23 19 18 16 15 13 9 5 2} accuracy is: 76.1%

Using features {2 5 9 13 15 16 18 19 23 26 28 29} accuracy is: 76.4%
Using features {2 5 9 13 15 16 18 19 23 26 28 35} accuracy is: 74.4%
Using features {2 5 9 13 15 16 18 19 23 26 29 35} accuracy is: 75.9%
Using features {2 5 9 13 15 16 18 19 23 28 29 35} accuracy is: 72.4%
Using features {2 5 9 13 15 16 18 19 26 28 29 35} accuracy is: 76.6%
Using features {2 5 9 13 15 16 18 23 26 28 29 35} accuracy is: 72.5%
Using features {2 5 9 13 15 16 19 23 26 28 29 35} accuracy is: 73.8%
Using features {2 5 9 13 15 18 19 23 26 28 29 35} accuracy is: 73.4%
Using features {2 5 9 13 16 18 19 23 26 28 29 35} accuracy is: 73.9%
Using features {2 5 9 15 16 18 19 23 26 28 29 35} accuracy is: 75%
Using features {2 5 13 15 16 18 19 23 26 28 29 35} accuracy is: 73.4%
Using features {2 9 13 15 16 18 19 23 26 28 29 35} accuracy is: 74.9%
Using features {5 9 13 15 16 18 19 23 26 28 29 35} accuracy is: 72.9%

Best subset this round: Using features {35 29 28 26 19 18 16 15 13 9 5 2} accuracy is: 76.6%

Using features {2 5 9 13 15 16 18 19 26 28 29} accuracy is: 74.7%
Using features {2 5 9 13 15 16 18 19 26 28 35} accuracy is: 74.1%
Using features {2 5 9 13 15 16 18 19 26 29 35} accuracy is: 75.6%
Using features {2 5 9 13 15 16 18 19 28 29 35} accuracy is: 72.5%
Using features {2 5 9 13 15 16 18 26 28 29 35} accuracy is: 74.3%
Using features {2 5 9 13 15 16 19 26 28 29 35} accuracy is: 73.3%
Using features {2 5 9 13 15 18 19 26 28 29 35} accuracy is: 73.7%
Using features {2 5 9 13 16 18 19 26 28 29 35} accuracy is: 75.7%
Using features {2 5 9 15 16 18 19 26 28 29 35} accuracy is: 74.8%
Using features {2 5 13 15 16 18 19 26 28 29 35} accuracy is: 73.2%
Using features {2 9 13 15 16 18 19 26 28 29 35} accuracy is: 76.9%
Using features {5 9 13 15 16 18 19 26 28 29 35} accuracy is: 73.9%

Best subset this round: Using features {35 29 28 26 19 18 16 15 13 9 2} accuracy is: 76.9%

Using features {2 9 13 15 16 18 19 26 28 29} accuracy is: 75.8%
Using features {2 9 13 15 16 18 19 26 28 35} accuracy is: 73.1%
Using features {2 9 13 15 16 18 19 26 29 35} accuracy is: 76.5%
Using features {2 9 13 15 16 18 19 28 29 35} accuracy is: 72.3%
Using features {2 9 13 15 16 18 26 28 29 35} accuracy is: 75.7%
Using features {2 9 13 15 16 19 26 28 29 35} accuracy is: 73.5%
Using features {2 9 13 15 18 19 26 28 29 35} accuracy is: 73.5%
Using features {2 9 13 16 18 19 26 28 29 35} accuracy is: 75.8%
Using features {2 9 15 16 18 19 26 28 29 35} accuracy is: 75.5%
Using features {2 13 15 16 18 19 26 28 29 35} accuracy is: 75.8%
Using features {9 13 15 16 18 19 26 28 29 35} accuracy is: 74.3%

Best subset this round: Using features {35 29 26 19 18 16 15 13 9 2} accuracy is: 76.5%

Using features {2 9 13 15 16 18 19 26 29} accuracy is: 77.6%
Using features {2 9 13 15 16 18 19 26 35} accuracy is: 74.4%
Using features {2 9 13 15 16 18 19 29 35} accuracy is: 72.9%
Using features {2 9 13 15 16 18 26 29 35} accuracy is: 74.7%
Using features {2 9 13 15 16 19 26 29 35} accuracy is: 76.1%
Using features {2 9 13 15 18 19 26 29 35} accuracy is: 75.8%
Using features {2 9 13 16 18 19 26 29 35} accuracy is: 76.3%
Using features {2 9 15 16 18 19 26 29 35} accuracy is: 77%
Using features {2 13 15 16 18 19 26 29 35} accuracy is: 75.1%
Using features {9 13 15 16 18 19 26 29 35} accuracy is: 76%

Best subset this round: Using features {29 26 19 18 16 15 13 9 2} accuracy is: 77.6%

Using features {2 9 13 15 16 18 19 26} accuracy is: 76%
Using features {2 9 13 15 16 18 19 29} accuracy is: 75.9%
Using features {2 9 13 15 16 18 26 29} accuracy is: 77.9%
Using features {2 9 13 15 16 19 26 29} accuracy is: 77.5%
Using features {2 9 13 15 18 19 26 29} accuracy is: 76.7%
Using features {2 9 13 16 18 19 26 29} accuracy is: 78.7%
Using features {2 9 15 16 18 19 26 29} accuracy is: 75%
Using features {2 13 15 16 18 19 26 29} accuracy is: 75.5%
Using features {9 13 15 16 18 19 26 29} accuracy is: 75.8%

Best subset this round: Using features {29 26 19 18 16 13 9 2} accuracy is: 78.7%

Using features {2 9 13 16 18 19 26} accuracy is: 79.8%
Using features {2 9 13 16 18 19 29} accuracy is: 74.5%
Using features {2 9 13 16 18 26 29} accuracy is: 79%
Using features {2 9 13 16 19 26 29} accuracy is: 78.3%
Using features {2 9 13 18 19 26 29} accuracy is: 78.4%
Using features {2 9 16 18 19 26 29} accuracy is: 77.9%
Using features {2 13 16 18 19 26 29} accuracy is: 79.5%
Using features {9 13 16 18 19 26 29} accuracy is: 78%

Best subset this round: Using features {26 19 18 16 13 9 2} accuracy is: 79.8%

Using features {2 9 13 16 18 19} accuracy is: 73.6%
Using features {2 9 13 16 18 26} accuracy is: 78.5%
Using features {2 9 13 16 19 26} accuracy is: 78.2%
Using features {2 9 13 18 19 26} accuracy is: 79.3%
Using features {2 9 16 18 19 26} accuracy is: 81%
Using features {2 13 16 18 19 26} accuracy is: 78.6%
Using features {9 13 16 18 19 26} accuracy is: 79.1%

Best subset this round: Using features {26 19 18 16 9 2} accuracy is: 81%

Using features {2 9 16 18 19} accuracy is: 72.2%
Using features {2 9 16 18 26} accuracy is: 78.4%
Using features {2 9 16 19 26} accuracy is: 79.4%
Using features {2 9 18 19 26} accuracy is: 79.1%
Using features {2 16 18 19 26} accuracy is: 79.2%
Using features {9 16 18 19 26} accuracy is: 78.2%

Best subset this round: Using features {26 19 16 9 2} accuracy is: 79.4%

Using features {2 9 16 19} accuracy is: 70.7%
Using features {2 9 16 26} accuracy is: 78.7%
Using features {2 9 19 26} accuracy is: 80.5%
Using features {2 16 19 26} accuracy is: 80.1%
Using features {9 16 19 26} accuracy is: 81%

Best subset this round: Using features {26 19 16 9} accuracy is: 81%

Using features {9 16 19} accuracy is: 70.3%
Using features {9 16 26} accuracy is: 82.2%
Using features {9 19 26} accuracy is: 82.9%
Using features {16 19 26} accuracy is: 82.1%

Best subset this round: Using features {26 19 9} accuracy is: 82.9%

Using features {9 19} accuracy is: 67.8%
Using features {9 26} accuracy is: 82.3%
Using features {19 26} accuracy is: 82.4%

Best subset this round: Using features {26 19} accuracy is: 82.4%

Using features {19} accuracy is: 67.7%
Using features {26} accuracy is: 84.7%

Best subset this round: Using features {26} accuracy is: 84.7%

Using features {} accuracy is: 81%

Best subset this round: Using features {} accuracy is: 81%

 Search Finished ! The best feature subset was {26 } with an accuracy of 84.7%
