2 0.663045 0.148902 0.445275 0.541829 0.403768 0.192967 0.409979 0.423285 0.404695 0.792056 
2 0.210856 0.392547 0.247537 0.647438 0 0.622879 0.323556 0.303021 0.593999 0.545894 
2 0.596638 0.530438 0.666684 0.518394 0.477088 0.470045 0.250246 0.528348 0.441449 0.361834 
1 0.523433 0.666758 0.666252 0.493159 0.416604 0.771949 0.242128 0.641735 0.557065 0.360562 
2 0.793169 0.432237 0.513138 0.544598 0.826574 0.366048 0.436288 0.27496 0.479846 0.442343 
2 0.81781 0.92577 0.396606 0.504617 0.324788 0.835009 0.498351 0.472998 0.327545 0.698011 
1 0.313114 0.647091 0.501297 0.184311 0.687468 0.805325 0.148919 0.269272 0.581788 0.460873 
1 0.838684 0.666127 0.386918 0.746749 0.472604 0.794436 0.232998 0.63224 0.75598 0.44743 
2 0.281669 0.765633 0.633876 0.569743 0.498923 0.445574 0.597485 0.321629 0.041321 0.362435 
2 0.753911 0.429209 0.444147 0.843137 0.706497 0.766291 0.788476 0.133965 0 0.488637 
2 0.193931 0.236226 0.465088 0.626896 0.474651 0.562251 0.285731 0.182208 0.582299 0.199232 
2 0.0470864 0.29146 0.528424 0.152791 0.518526 0.801415 0.540763 0.304497 0.755663 0.616615 
1 0.361247 0.550898 0.408158 0.656543 0.461295 0.468349 0.358241 0.605494 0.625013 0.452085 
2 0.570149 0.303223 0.267023 0.590026 0.473684 0.824284 0.339829 0.495675 0.335983 0.408113 
2 0.482503 0.448639 0.66492 0.575293 0.684521 0.55484 0.529182 0.698323 0.348801 0.286747 
2 0.348061 0 0.366597 0.205824 0.220866 0.790233 0.378811 0.440713 0.489084 0.601195 
2 0.772461 0.334253 1 0.279773 0.200163 0.16409 0.585235 0.657197 0.426413 0.64672 
2 0.45985 0.667955 0.408611 0.694806 0.251267 0.400895 0.198504 0.382931 0.668028 0.324037 
2 0.145391 0.790804 0.73902 0.471081 1 0.428416 0.688137 0.400703 0.614192 0.52454 
1 0.469257 0.572442 0.503152 0.384477 0.412622 0.52102 0.475967 0.418972 0.0659309 0.414501 
2 0.794911 0.503637 0.751567 0.379834 0.429246 0.340437 0.310745 0.543442 0.460769 0.322608 
2 0.546971 0.437169 0.564107 0.113118 0.108709 0.405623 0.575291 0.670419 0.640242 0.526744 
2 0.434275 0.793147 0.344868 0.73872 0.613207 0.944589 0.394512 0.428749 0.872438 0.566864 
2 0.259207 0.545796 0.314819 0.678799 0.34886 0.581496 0.268666 0.65855 0.234064 0.511585 
2 0.298873 0.736823 0.366815 0.397041 0.360237 0.56272 0.285226 0.585717 0.29844 0 
1 0.534612 0.559333 0.742737 0.977433 0.403934 0.336432 0.720122 0.88833 0.55145 0.510798 
2 0.894976 0.469387 0.664083 0.379841 0.464571 0.601902 0.386528 0.499246 0.616285 0.380656 
2 0.0906825 0.417768 0.521041 0.129717 0.412239 0.212436 0.224693 0.214229 0.587165 0.684658 
1 0.101675 0.589402 0.437528 0.0839976 0.535094 0.357563 0.480001 0.40413 0.932482 0.485984 
2 0.385939 0.338304 0.1085 0.172964 0.188454 0.386213 0.0977511 0.223166 0.0222728 0.452988 
2 0 0.670928 0.7408 0.115652 0.404911 0.401041 0.384499 0.41818 0.418114 0.47359 
2 0.317493 0.604192 0.272259 0.371078 0.364129 0.491748 0.183541 0.547952 0.656305 0.205402 
2 0.600968 0.853317 0.467071 0.495776 0.801091 0.469631 0.031071 0.676972 0.693366 0.395488 
2 1 0.117879 0.554335 0.705113 0.500193 0.427467 0.502482 0.112799 0.0814887 0.33571 
2 0.142885 0.917404 0.307746 0.52262 0.346121 0.494993 0.474669 0.425494 0.553529 0.666682 
2 0.343534 0.743138 0.309133 0.469072 0.499973 0.198358 0.456555 0.072303 0.215152 0.628193 
2 0.317366 0.465566 0.371375 0.540818 0.28387 0.707663 0.37035 0.560929 0.352312 0.312523 
1 0.60326 0.555407 0.385714 0.674657 0.598598 0.616776 0.296699 0.364382 0.290623 0.346786 
1 0.869998 0.569784 0.528939 0.400286 0.592219 0.433447 0.41663 0.50931 0.276665 0.460954 
2 0.605062 0.818734 0.653712 0.755881 0.60927 0.695289 0.682102 0.484155 0.64167 0.690298 
2 0.434102 0.817654 0.27213 0.632926 0.317505 0.914516 0.565037 0.70709 0.53254 0.256343 
2 0.712372 0.727882 0.172168 0.192703 0.358034 0.236968 0.41558 0.467991 0.772942 0.791261 
2 0.685549 0.880223 0.597277 0.588668 0.568718 0.496951 0.306938 0.582047 0.607422 0.307611 
1 0.412002 0.631104 0.362638 0.378945 0.390537 0.561863 0.304972 0.560029 0.293187 0.382424 
2 0.777714 0.295687 0.66559 0.490603 0.347885 0.757515 0.663903 0.457798 0.432816 0.584749 
2 0.590546 0.65457 0.553787 0.277751 0.140998 0.454467 0.339999 0.707359 0.503898 0.21039 
2 0.605036 0.130899 0.213878 0.590464 0.646716 0.804965 0.52786 0.528503 0.718053 0.170512 
2 0.196324 0.50213 0.74238 1 0.494248 0.717916 0.384546 0.630178 0.200479 0.636374 
2 0.440827 0.588762 0.47342 0.729996 0.387509 0.480015 0.323803 0.451896 0.56703 0.660317 
2 0.505897 0.639652 0.220098 0.530215 0.663354 0.36265 0.278389 0.774232 0.126568 0.66969 
2 0.388654 0.537187 0.528484 0.726921 0.539488 0.505998 0.717664 0.47757 0.316041 0.0287778 
2 0.295878 0.730526 0.593846 0.546564 0.352563 0.455497 0.383547 0.355966 0.50692 0.55473 
2 0.645695 0.612554 0.740349 0.596994 0.111523 0.62913 0.209534 0.171926 0.621212 0.250196 
2 0.876329 0.460637 0.616987 0.349803 0.639576 0.42692 0.212415 0.569751 1 0.464526 
2 0.713087 0.475052 0.388559 0.424351 0.678749 0.390638 0.352988 0.448077 0.353101 0.15327 
2 0.419091 0.744778 0.407746 0.502538 0.462362 0.874298 0.416372 0.296225 0.52264 0.274851 
2 0.771097 0.458602 0.0360202 0.579469 0.657288 0.898095 0.435833 0.337122 0.339292 0.669755 
2 0.315792 1 0.44966 0.571946 0.47418 0.928859 0.403747 0.587372 0.481494 0.397581 
2 0.658352 0.226393 0.37616 0.374434 0.490995 0.6169 0.595594 0.445799 0.347946 0.655177 
2 0.405372 0.264429 0.679144 0.717092 0.455797 0.561518 0.507199 0.596141 0.79751 0.326621 
2 0.49071 0.684757 0.325155 0.767231 0.333195 0.537663 0.35532 0.537319 0.641056 0.115554 
2 0.132438 0.403794 0.316422 0.732235 0.408016 0.283675 0.560421 0.113421 0.453192 0.0939996 
2 0.449385 0.580497 0.445753 0.649249 0.561696 0.336122 0.326653 0.403654 0.503642 0.670557 
2 0.644772 0.781321 0.29779 0.656402 0.0767487 0.431289 0.430154 0.727833 0.786072 0.636972 
2 0.188351 0.512499 0.343514 0.571789 0.347953 0.695961 0.420374 0.401481 0.556842 0.397445 
1 0.606436 0.677719 0.477673 0.307649 0.753603 0.457538 0.442887 0.466562 0.281361 0.522182 
2 0.484381 0.497449 0.557282 0.595448 0.51819 0.627208 0.182008 0.41778 0.30201 0.358898 
2 0.234345 0.722838 0.733249 0.303645 0.768686 0.552298 0.745805 0.81617 0.251108 0.24756 
2 0.631851 0.207154 0.407189 0.726158 0.0903847 0.440336 0.259789 0.631874 0.460864 0.629937 
2 0.342897 0.547341 0.540116 0.826202 0.14996 0.732853 0.693961 0.579813 0.188117 0.162956 
2 0.317769 0.44884 0 0.15835 0.429001 0.763896 0.319121 0.667767 0.550208 0.343379 
2 0.295406 0.249826 0.175877 0.547985 0.442047 0.536395 0.151204 0.621835 0.292502 0.425577 
2 0.687031 0.0314415 0.436097 0.258453 0.70378 0.38389 0.369254 0.495633 0.587279 0.499582 
2 0.71778 0.409256 0.646703 0.663446 0.700009 0.53541 0.268955 0.441724 0.902627 0.191997 
2 0.85246 0.644079 0.694316 0.415961 0.301541 0.37292 0.272794 0.70926 0.501875 0.79949 
1 0.449095 0.573189 0.581588 0.0892239 0.553372 0 0.286212 0.740994 0.043989 0.458832 
2 0.499753 0.809021 0.271576 0.303814 0.614916 0.257674 0.451073 0.410184 0.716612 0.4016 
2 0.724036 0.497078 0.644098 0.593848 0.596935 0.0122928 0.290784 0.67362 0.650904 0.171522 
2 0.365561 0.828174 0.194494 0.455957 0.442588 0.721828 1 0.533346 0.269417 0.170121 
1 0.291038 0.57534 0.647106 0.612831 0.683409 0.339082 0.443652 0.759972 0.373615 0.469577 
2 0.599221 0.278379 0.474234 0.623387 0.278625 0.314717 0.672625 0.65585 0.707967 0.455584 
2 0.608783 0.210251 0.258975 0.444417 0.552604 0.0764263 0.266945 0.330248 0.118356 0.576335 
2 0.917796 0.736419 0.722523 0.881451 0.84071 0.450858 0.157048 0.468627 0.804509 0.301114 
2 0.368924 0.619911 0.52011 0.364883 0.275015 0.474674 0.212289 0.298031 0.547947 0.243418 
2 0.669105 0.652188 0.898016 0.409375 0.314447 0.832129 0.669645 0.826015 0.431732 0.315159 
2 0.687144 0.180244 0.181135 0.259842 0.49661 0.489115 0.667209 0.395577 0.568061 0.481391 
2 0.890954 0.467346 0.592322 0.574748 0.441285 0.593057 0 0.608287 0.725315 0.276911 
2 0.604659 0.743593 0.555428 0.426712 0.440201 0.109307 0.597072 0.272246 0.219065 0.305511 
2 0.479719 0.431694 0.646973 0.57918 0.376553 0.69453 0.642146 0.556091 0.340735 0.269752 
1 0.875342 0.563803 0.403275 0.0274678 0.509162 0.364383 0.532602 0.189636 0.0777131 0.546372 
2 0.561254 0.672599 0.558422 0.531632 0.237658 0.59115 0.419404 0.781134 0.413997 0.345779 
1 0.332506 0.598086 0.181971 0.641451 0.405231 0.556699 0.601368 0.538035 0.473775 0.400915 
2 0.707266 0.517559 0.503946 0.43575 0.42757 0.721871 0.374773 1 0.293935 0.486576 
2 0.0784013 0.587895 0.238692 0.682376 0.207905 0.481046 0.450766 0 0.747006 1 
2 0.40025 0.460743 0.373617 0.380962 0.276798 0.614469 0.521513 0.689905 0.34851 0.389837 
2 0.209754 0.450213 0.374072 0 0.625469 0.160932 0.637841 0.671257 0.638085 0.631703 
2 0.440236 0.100013 0.323189 0.418178 0.92983 0.632362 0.43181 0.384971 0.795985 0.746674 
2 0.577738 0.478356 0.330819 0.423191 0.390029 0.371785 0.709479 0.484794 0.106548 0.287528 
1 0.317559 0.624487 0.64496 0.383021 0.589599 1 0.670454 0.78917 0.77285 0.506293 
1 0.401614 0.620294 0.435551 0.86126 0.518606 0.677283 0.695121 0.271176 0.652958 0.524501 
