   2.0000000e+00   7.6805459e-01  -1.7819994e+00  -1.7765784e-01   2.8347454e-01  -1.3364673e-01  -1.6138961e+00  -1.1792774e-01  -4.0015959e-01  -2.1740214e-01   1.9052817e+00
   2.0000000e+00  -1.1817449e+00  -6.9523949e-01  -1.2121245e+00   8.2386659e-01  -2.1592445e+00   4.4036472e-01  -6.5815644e-01  -1.0616776e+00   6.0565697e-01   4.5891772e-01
   2.0000000e+00   4.8171321e-01  -8.0184136e-02   9.8064601e-01   1.6356095e-01   2.3418355e-01  -2.8992507e-01  -1.1164183e+00   1.7774890e-01  -5.7601592e-02  -6.2256262e-01
   1.0000000e+00   1.6606171e-01   5.2786034e-01   9.7838815e-01   3.4432857e-02  -6.9249899e-02   1.1526672e+00  -1.1671691e+00   8.0143696e-01   4.4507493e-01  -6.3003474e-01
   2.0000000e+00   1.3291370e+00  -5.1820402e-01   1.7736844e-01   2.9764042e-01   1.9874623e+00  -7.8685947e-01   4.6531503e-02  -1.2160289e+00   1.0933934e-01  -1.4951859e-01
   2.0000000e+00   1.4353892e+00   1.6831664e+00  -4.3226945e-01   9.3061573e-02  -5.2986645e-01   1.4539893e+00   4.3448981e-01  -1.2670895e-01  -5.5283483e-01   1.3527064e+00
   1.0000000e+00  -7.4081489e-01   4.4013789e-01   1.1542240e-01  -1.5459123e+00   1.2896045e+00   1.3121477e+00  -1.7498184e+00  -1.2473134e+00   5.5256687e-01  -4.0641491e-02
   1.0000000e+00   1.5253950e+00   5.2504485e-01  -4.8295023e-01   1.3320296e+00   2.1168587e-01   1.2601192e+00  -1.2242409e+00   7.4920959e-01   1.3099191e+00  -1.1962855e-01
   2.0000000e+00  -8.7640417e-01   9.6888473e-01   8.0901082e-01   4.2630729e-01   3.4372471e-01  -4.0685663e-01   1.0541835e+00  -9.5931999e-01  -1.7972831e+00  -6.1902987e-01
   2.0000000e+00   1.1598614e+00  -5.3170959e-01  -1.8355725e-01   1.8252378e+00   1.3850683e+00   1.1256299e+00   2.2480720e+00  -1.9915770e+00  -1.9769388e+00   1.2249063e-01
   2.0000000e+00  -1.2547206e+00  -1.3924978e+00  -7.4004791e-02   7.1875311e-01   2.2195872e-01   1.5066223e-01  -8.9460155e-01  -1.7262159e+00   5.5478678e-01  -1.5779570e+00
   2.0000000e+00  -1.8879028e+00  -1.1461296e+00   2.5733695e-01  -1.7071980e+00   4.4206793e-01   1.2934655e+00   6.9961131e-01  -1.0535585e+00   1.3085390e+00   8.7444924e-01
   1.0000000e+00  -5.3327115e-01   1.1076394e-02  -3.7183474e-01   8.7045306e-01   1.5495428e-01  -2.9802886e-01  -4.4133792e-01   6.0209152e-01   7.4050116e-01  -9.2272502e-02
   2.0000000e+00   3.6749567e-01  -1.0936641e+00  -1.1101825e+00   5.3009248e-01   2.1710433e-01   1.4027408e+00  -5.5643709e-01  -1.9734798e-03  -5.1614822e-01  -3.5064071e-01
   2.0000000e+00  -1.0424995e-02  -4.4504372e-01   9.7141798e-01   4.5470438e-01   1.2748200e+00   1.1525178e-01   6.2721659e-01   1.1127052e+00  -4.6041858e-01  -1.0637484e+00
   2.0000000e+00  -5.9012877e-01  -2.4461674e+00  -5.8926325e-01  -1.4358312e+00  -1.0512189e+00   1.2400341e+00  -3.1275998e-01  -3.0429367e-01   1.4950502e-01   7.8384504e-01
   2.0000000e+00   1.2398452e+00  -9.5525419e-01   2.7243950e+00  -1.0574418e+00  -1.1550805e+00  -1.7518772e+00   9.7760539e-01   8.8648805e-01  -1.2297629e-01   1.0513375e+00
   2.0000000e+00  -1.0810196e-01   5.3320143e-01  -3.6946719e-01   1.0662417e+00  -8.9870509e-01  -6.2034975e-01  -1.4398594e+00  -6.2212763e-01   9.2752139e-01  -8.4464508e-01
   2.0000000e+00  -1.4640224e+00   1.0811609e+00   1.3590745e+00  -7.8539174e-02   2.8574969e+00  -4.8884300e-01   1.6208489e+00  -5.2437096e-01   6.9345373e-01   3.3344496e-01
   1.0000000e+00  -6.7540175e-02   1.0717250e-01   1.2512886e-01  -5.2168320e-01  -8.9225143e-02  -4.6350738e-02   2.9456975e-01  -4.2388208e-01  -1.6902839e+00  -3.1310778e-01
   2.0000000e+00   1.3366474e+00  -1.9972951e-01   1.4247152e+00  -5.4543924e-01  -5.8281279e-03  -9.0923387e-01  -7.3823963e-01   2.6077494e-01   2.6396760e-02  -8.5303935e-01
   2.0000000e+00   2.6755403e-01  -4.9620589e-01   4.4401321e-01  -1.9102017e+00  -1.6138810e+00  -5.9775782e-01   9.1544809e-01   9.5921808e-01   8.0671105e-01   3.4639636e-01
   2.0000000e+00  -2.1838084e-01   1.0916128e+00  -7.0293673e-01   1.2909485e+00   9.1705823e-01   1.9775980e+00  -2.1461042e-01  -3.7010096e-01   1.8162584e+00   5.8213029e-01
   2.0000000e+00  -9.7325810e-01  -1.1679769e-02  -8.6014005e-01   9.8433532e-01  -4.0910347e-01   2.4261979e-01  -1.0012760e+00   8.9393417e-01  -9.5927442e-01   2.5732527e-01
   2.0000000e+00  -8.0222091e-01   8.4038119e-01  -5.8811931e-01  -4.5739373e-01  -3.5202931e-01   1.5290459e-01  -8.9775975e-01   4.9330922e-01  -6.7937803e-01  -2.7485793e+00
   1.0000000e+00   2.1426269e-01   4.8698717e-02   1.3785189e+00   2.5124174e+00  -1.3281016e-01  -9.2837389e-01   1.8207873e+00   2.1578485e+00   4.2066124e-01   2.5270473e-01
   2.0000000e+00   1.7681219e+00  -3.5249666e-01   9.6704287e-01  -5.4540535e-01   1.7138596e-01   3.4012793e-01  -2.6451793e-01   1.7670180e-02   7.0255194e-01  -5.1196965e-01
   2.0000000e+00  -1.6999200e+00  -5.8274194e-01   2.1871637e-01  -1.8252647e+00  -9.1146820e-02  -1.5208633e+00  -1.2761556e+00  -1.5500788e+00   5.7594165e-01   1.2742460e+00
   1.0000000e+00  -1.6525194e+00   1.8282131e-01  -2.1818634e-01  -2.0592080e+00   5.2518595e-01  -8.2740182e-01   3.1978549e-01  -5.0551819e-01   2.0773185e+00   1.0690332e-01
   2.0000000e+00  -4.2680228e-01  -9.3718631e-01  -1.9394998e+00  -1.6039771e+00  -1.2138171e+00  -6.9050479e-01  -2.0696722e+00  -1.5009253e+00  -1.8801010e+00  -8.6969868e-02
   2.0000000e+00  -2.0909349e+00   5.4646115e-01   1.3683873e+00  -1.8972332e+00  -1.2791252e-01  -6.1964952e-01  -2.7720321e-01  -4.2823475e-01  -1.5905907e-01   3.4079042e-02
   2.0000000e+00  -7.2193505e-01   2.4878812e-01  -1.0827917e+00  -5.9024514e-01  -3.3250266e-01  -1.8622316e-01  -1.5333936e+00   2.8558161e-01   8.7655215e-01  -1.5417050e+00
   2.0000000e+00   5.0038357e-01   1.3599957e+00  -6.3631283e-02   4.7824544e-02   1.8596231e+00  -2.9190646e-01  -2.4864921e+00   9.9526139e-01   1.0376858e+00  -4.2481948e-01
   2.0000000e+00   2.2209742e+00  -1.9203782e+00   3.9289262e-01   1.1189812e+00   3.5009313e-01  -4.9337864e-01   4.6031765e-01  -2.1080045e+00  -1.6226412e+00  -7.7605615e-01
   2.0000000e+00  -1.4748299e+00   1.6458510e+00  -8.9714339e-01   1.8518450e-01  -4.2284707e-01  -1.7071776e-01   2.8645700e-01  -3.8800467e-01   4.2970223e-01   1.1686294e+00
   2.0000000e+00  -6.0964681e-01   8.6854870e-01  -8.8988456e-01  -8.8816331e-02   3.4899050e-01  -1.5881360e+00   1.7322154e-01  -2.3307534e+00  -1.0414965e+00   9.4247654e-01
   2.0000000e+00  -7.2247967e-01  -3.6954113e-01  -5.6426362e-01   2.7829778e-01  -7.3514456e-01   8.4548990e-01  -3.6564634e-01   3.5696310e-01  -4.4515380e-01  -9.1229613e-01
   1.0000000e+00   5.1026616e-01   3.1188221e-02  -4.8925143e-01   9.6314079e-01   8.4376591e-01   4.1120140e-01  -8.2604483e-01  -7.2415847e-01  -7.1336535e-01  -7.1097920e-01
   1.0000000e+00   1.6604155e+00   9.5314763e-02   2.6003381e-01  -4.4078880e-01   8.1176544e-01  -4.6480532e-01  -7.6347086e-02   7.3028314e-02  -7.7405383e-01  -4.0165365e-02
   2.0000000e+00   5.1803908e-01   1.2057417e+00   9.1278489e-01   1.3787571e+00   8.9730765e-01   7.8636049e-01   1.5831281e+00  -6.5340521e-02   8.1292060e-01   1.3073839e+00
   2.0000000e+00  -2.1912836e-01   1.2009226e+00  -1.0834645e+00   7.4960949e-01  -5.6640651e-01   1.8338991e+00   8.5134648e-01   1.1609303e+00   3.3844563e-01  -1.2423929e+00
   2.0000000e+00   9.8074811e-01   8.0049850e-01  -1.6064194e+00  -1.5029718e+00  -3.6307891e-01  -1.4036435e+00  -8.2915515e-02  -1.5424932e-01   1.3836683e+00   1.9006147e+00
   2.0000000e+00   8.6509214e-01   1.4800062e+00   6.1754576e-01   5.2314560e-01   6.9386573e-01  -1.6136153e-01  -7.6203969e-01   4.7312404e-01   6.6401725e-01  -9.4115586e-01
   1.0000000e+00  -3.1441893e-01   3.6882777e-01  -6.0997155e-01  -5.4999021e-01  -2.0001963e-01   1.4881027e-01  -7.7432867e-01   3.5200929e-01  -7.0221852e-01  -5.0157978e-01
   2.0000000e+00   1.2624987e+00  -1.1272750e+00   9.7492196e-01   2.1356820e-02  -4.1399605e-01   1.0836972e+00   1.4693637e+00  -2.1031661e-01  -9.5135394e-02   6.8721437e-01
   2.0000000e+00   4.5544446e-01   4.7349885e-01   3.9002573e-01  -1.0677887e+00  -1.4518916e+00  -3.6436161e-01  -5.5536989e-01   1.1624087e+00   2.1391624e-01  -1.5123962e+00
   2.0000000e+00   5.1792693e-01  -1.8623006e+00  -1.3882131e+00   5.3233641e-01   1.0851617e+00   1.3104271e+00   6.1895352e-01   1.7859793e-01   1.1450191e+00  -1.7467079e+00
   2.0000000e+00  -1.2444021e+00  -2.0645265e-01   1.3766544e+00   2.6278922e+00   3.2027104e-01   8.9448186e-01  -2.7690555e-01   7.3786813e-01  -1.1052934e+00   9.9054646e-01
   2.0000000e+00  -1.9012952e-01   1.7996610e-01  -3.0415233e-02   1.2463067e+00  -2.1521255e-01  -2.4228458e-01  -6.5661477e-01  -2.4277781e-01   4.8840195e-01   1.1312264e+00
   2.0000000e+00   9.0447184e-02   4.0695687e-01  -1.3556715e+00   2.2404579e-01   1.1686289e+00  -8.0309629e-01  -9.4049541e-01   1.5302444e+00  -1.4266436e+00   1.1862986e+00
   2.0000000e+00  -4.1509312e-01  -5.0083312e-02   2.5765316e-01   1.2305735e+00   5.4722940e-01  -1.1812949e-01   1.8054244e+00  -1.0156090e-01  -6.0285341e-01  -2.5794901e+00
   2.0000000e+00  -8.1513576e-01   8.1229419e-01   5.9959468e-01   3.0769973e-01  -3.9052941e-01  -3.5943994e-01  -2.8315159e-01  -7.7045119e-01   2.2705470e-01   5.1083440e-01
   2.0000000e+00   6.9324343e-01   2.8608999e-01   1.3660256e+00   5.6574859e-01  -1.5997605e+00   4.7023462e-01  -1.3709156e+00  -1.7827736e+00   7.2397164e-01  -1.2785095e+00
   2.0000000e+00   1.6877181e+00  -3.9152670e-01   7.2065879e-01  -6.9910468e-01   1.0493408e+00  -4.9599072e-01  -1.3529023e+00   4.0548743e-01   2.3708720e+00  -1.9175367e-02
   2.0000000e+00   9.8383345e-01  -3.2722864e-01  -4.7436962e-01  -3.1765006e-01   1.2458614e+00  -6.6935974e-01  -4.7417997e-01  -2.6378485e-01  -4.4172112e-01  -1.8480173e+00
   2.0000000e+00  -2.8385137e-01   8.7586382e-01  -3.7399093e-01   8.2426469e-02   1.6030632e-01   1.6417243e+00  -7.7964868e-02  -1.0990566e+00   2.9540280e-01  -1.1336459e+00
   2.0000000e+00   1.2339657e+00  -4.0060487e-01  -2.3186786e+00   4.7607220e-01   1.1381970e+00   1.7554343e+00   4.3686557e-02  -8.7410022e-01  -5.0176344e-01   1.1866826e+00
   2.0000000e+00  -7.2926806e-01   2.0142643e+00  -1.5471812e-01   4.3758106e-01   2.1959313e-01   1.9024350e+00  -1.5688036e-01   5.0241246e-01   1.1650416e-01  -4.1252017e-01
   2.0000000e+00   7.4781972e-01  -1.4363580e+00  -5.3923202e-01  -5.7307280e-01   3.0394964e-01   4.1179179e-01   1.0423625e+00  -2.7631718e-01  -4.6413731e-01   1.1010269e+00
   2.0000000e+00  -3.4300813e-01  -1.2666990e+00   1.0458338e+00   1.1802762e+00   1.2736945e-01   1.4716300e-01   4.8980271e-01   5.5064880e-01   1.4904858e+00  -8.2945797e-01
   2.0000000e+00   2.4961244e-02   6.0814611e-01  -8.0606370e-01   1.4368328e+00  -4.8769156e-01   3.3173287e-02  -4.5959800e-01   2.2709309e-01   8.1025056e-01  -2.0696205e+00
   2.0000000e+00  -1.5198764e+00  -6.4507158e-01  -8.5175230e-01   1.2577650e+00  -1.1233124e-01  -1.1804635e+00   8.2249400e-01  -2.1045801e+00  -6.5473677e-03  -2.1962682e+00
   2.0000000e+00  -1.5322730e-01   1.4310140e-01  -1.7515398e-01   8.3312983e-01   6.5863937e-01  -9.2985151e-01  -6.3879712e-01  -5.0813944e-01   2.1280161e-01   1.1913931e+00
   2.0000000e+00   6.8926460e-01   1.0388623e+00  -9.4922655e-01   8.6973379e-01  -1.7742160e+00  -4.7511657e-01   8.1877377e-03   1.2750287e+00   1.4407514e+00   9.9406274e-01
   2.0000000e+00  -1.2787832e+00  -1.6020093e-01  -7.1002057e-01   4.3677427e-01  -4.1365658e-01   7.8957201e-01  -5.2947902e-02  -5.2008878e-01   4.4410437e-01  -4.1332297e-01
   1.0000000e+00   5.2396111e-01   5.7675343e-01  -8.1673154e-03  -9.1480274e-01   1.6213858e+00  -3.4968976e-01   8.7781439e-02  -1.6211134e-01  -7.5363386e-01   3.1959021e-01
   2.0000000e+00  -2.3285815e-03  -2.2732980e-01   4.0830938e-01   5.5783709e-01   4.4038158e-01   4.6104815e-01  -1.5429817e+00  -4.3043549e-01  -6.6385613e-01  -6.3981300e-01
   2.0000000e+00  -1.0804595e+00   7.7800014e-01   1.3288817e+00  -9.3529143e-01   1.6970530e+00   1.0310536e-01   1.9813355e+00   1.7609270e+00  -8.8516830e-01  -1.2939980e+00
   2.0000000e+00   6.3355102e-01  -1.5221724e+00  -3.7690212e-01   1.2266669e+00  -1.7058080e+00  -4.3188734e-01  -1.0567708e+00   7.4720076e-01   2.6808805e-02   9.5272340e-01
   2.0000000e+00  -6.1239363e-01  -4.7919381e-03   3.1850459e-01   1.7385853e+00  -1.4069348e+00   9.6585665e-01   1.6572566e+00   4.6083519e-01  -1.1590406e+00  -1.7911025e+00
   2.0000000e+00  -7.2074498e-01  -4.4414569e-01  -2.5071188e+00  -1.6787541e+00  -7.0589619e-03   1.1141871e+00  -6.8588021e-01   9.4462743e-01   4.1525968e-01  -7.3099571e-01
   2.0000000e+00  -8.1717061e-01  -1.3318370e+00  -1.5870169e+00   3.1497489e-01   5.8390910e-02   2.7114775e-02  -1.7355392e+00   6.9198090e-01  -7.0519364e-01  -2.4802778e-01
   2.0000000e+00   8.7148136e-01  -2.3059246e+00  -2.2567025e-01  -1.1665366e+00   1.3714374e+00  -7.0160458e-01  -3.7249752e-01  -2.2053137e-03   5.7644014e-01   1.8679935e-01
   2.0000000e+00   1.0040664e+00  -6.2071001e-01   8.7611906e-01   9.0577453e-01   1.3525209e+00   2.2410397e-02  -9.9947302e-01  -2.9873035e-01   1.9475122e+00  -1.6204668e+00
   2.0000000e+00   1.5847944e+00   4.2670247e-01   1.1252028e+00  -3.6058352e-01  -6.4648974e-01  -7.5402133e-01  -9.7547304e-01   1.1728654e+00   2.0511797e-01   1.9489645e+00
   1.0000000e+00  -1.5447870e-01   1.1050372e-01   5.3546642e-01  -2.0324655e+00   6.1687992e-01  -2.5359523e+00  -8.9159480e-01   1.3474181e+00  -1.7856828e+00  -5.2631585e-02
   2.0000000e+00   6.3954905e-02   1.1624135e+00  -1.0863656e+00  -9.3442853e-01   9.2562876e-01  -1.3047025e+00   1.3895817e-01  -4.7222153e-01   1.1387566e+00  -3.8890999e-01
   2.0000000e+00   1.0310434e+00  -2.2898330e-01   8.6249105e-01   5.4964980e-01   8.3542187e-01  -2.4772132e+00  -8.6301560e-01   9.7682481e-01   8.5306915e-01  -1.7407700e+00
   2.0000000e+00  -5.1466920e-01   1.2478482e+00  -1.4896201e+00  -1.5592758e-01   6.1102996e-02   9.1317131e-01   3.5703173e+00   2.0523863e-01  -8.0556490e-01  -1.7490016e+00
   1.0000000e+00  -8.3600526e-01   1.2009722e-01   8.7822490e-01   6.4678524e-01   1.2692395e+00  -9.1571002e-01   9.2564583e-02   1.4518078e+00  -3.5253009e-01   1.0500279e-02
   2.0000000e+00   4.9285238e-01  -1.2044765e+00  -2.6154581e-02   7.0079767e-01  -7.6145638e-01  -1.0321358e+00   1.5238867e+00   8.7907937e-01   1.1011697e+00  -7.1716977e-02
   2.0000000e+00   5.3408198e-01  -1.5083585e+00  -1.1522893e+00  -2.1497750e-01   6.1302475e-01  -2.1707630e+00  -1.0120381e+00  -9.1190999e-01  -1.4623482e+00   6.3777796e-01
   2.0000000e+00   1.8665171e+00   8.3857923e-01   1.2727686e+00   2.0212871e+00   2.0583802e+00  -3.8160973e-01  -1.6990036e+00  -1.5075248e-01   1.5209157e+00  -9.7933114e-01
   2.0000000e+00  -5.0016946e-01   3.1890304e-01   2.1384138e-01  -6.2194162e-01  -7.7956395e-01  -2.6780973e-01  -1.3536920e+00  -1.0891221e+00   4.0543303e-01  -1.3183347e+00
   2.0000000e+00   7.9418307e-01   4.6287117e-01   2.1908669e+00  -3.9428242e-01  -5.8174705e-01   1.4402258e+00   1.5052589e+00   1.8150839e+00  -9.9848740e-02  -8.9680639e-01
   2.0000000e+00   8.7196638e-01  -1.6422013e+00  -1.5595065e+00  -1.1594299e+00   3.3211949e-01  -1.9880503e-01   1.4900286e+00  -5.5256536e-01   4.9288120e-01   7.9918378e-02
   2.0000000e+00   1.7507798e+00  -3.6160421e-01   5.9161937e-01   4.5191698e-01   5.4565887e-02   2.9786282e-01  -2.6807179e+00   6.1745621e-01   1.1765942e+00  -1.1215388e+00
   2.0000000e+00   5.1630019e-01   8.7057622e-01   3.9861231e-01  -3.0557186e-01   4.9130886e-02  -2.0136484e+00   1.0516030e+00  -1.2309527e+00  -1.0244847e+00  -9.5349450e-01
   2.0000000e+00  -2.2430801e-02  -5.2062449e-01   8.7753156e-01   4.7459514e-01  -2.7017454e-01   7.8273268e-01   1.3333564e+00   3.3035024e-01  -4.9548713e-01  -1.1636059e+00
   1.0000000e+00   1.6834599e+00   6.8637417e-02  -3.9738225e-01  -2.3484658e+00   3.9508868e-01  -7.9481402e-01   6.4859685e-01  -1.6853554e+00  -1.6390570e+00   4.6172273e-01
   2.0000000e+00   3.2914086e-01   5.5391381e-01   4.1427293e-01   2.3129489e-01  -9.6697392e-01   2.8875092e-01  -5.9009615e-02   1.5682126e+00  -1.7695811e-01  -7.1689530e-01
   1.0000000e+00  -6.5720132e-01   2.2155596e-01  -1.5551355e+00   7.9323190e-01  -1.2630766e-01   1.2413272e-01   1.0784516e+00   2.3103061e-01   8.2945905e-02  -3.9293432e-01
   2.0000000e+00   9.5872985e-01  -1.3762982e-01   1.2928387e-01  -2.5932507e-01  -1.4237941e-02   9.1338086e-01  -3.3799716e-01   2.7720965e+00  -6.9896440e-01   1.1038256e-01
   2.0000000e+00  -1.7528755e+00   1.7609744e-01  -1.2584000e+00   1.0026407e+00  -1.1162377e+00  -2.3736244e-01   1.3703932e-01  -2.7284599e+00   1.2709038e+00   3.1270946e+00
   2.0000000e+00  -3.6509188e-01  -3.9105560e-01  -5.5253483e-01  -5.3966853e-01  -7.7061905e-01   4.0017922e-01   5.7927627e-01   1.0664034e+00  -4.6168195e-01  -4.5802689e-01
   2.0000000e+00  -1.1864938e+00  -4.3802174e-01  -5.5015495e-01  -2.4890159e+00   9.7857018e-01  -1.7669661e+00   1.3064458e+00   9.6382470e-01   7.9733421e-01   9.6310169e-01
   2.0000000e+00  -1.9267525e-01  -2.0000663e+00  -8.1634850e-01  -3.4923519e-01   2.5054717e+00   4.8567766e-01   1.8541588e-02  -6.1090685e-01   1.4838531e+00   1.6386351e+00
   2.0000000e+00   4.0022085e-01  -3.1249398e-01  -7.7643420e-01  -3.2358403e-01  -2.0257102e-01  -7.5944558e-01   1.7542625e+00  -6.1825348e-02  -1.5136872e+00  -1.0591585e+00
   1.0000000e+00  -7.2164771e-01   3.3931410e-01   8.6699900e-01  -5.2913400e-01   7.9861894e-01   2.2423685e+00   1.5103136e+00   1.6124156e+00   1.3832666e+00   2.2623138e-01
   1.0000000e+00  -3.5921234e-01   3.2061367e-01  -2.2853029e-01   1.9179748e+00   4.4246952e-01   7.0032093e-01   1.6645099e+00  -1.2368385e+00   8.6200042e-01   3.3321844e-01
